/*--------------------------------*- C++ -*----------------------------------*\
| =========                 |                                                 |
| \\      /  F ield         | OpenFOAM: The Open Source CFD Toolbox           |
|  \\    /   O peration     | Version:  2212                                  |
|   \\  /    A nd           | Website:  www.openfoam.com                      |
|    \\/     M anipulation  |                                                 |
\*---------------------------------------------------------------------------*/
FoamFile
{
    version     2.0;
    format      ascii;
    arch        "LSB;label=32;scalar=64";
    class       surfaceScalarField;
    location    "1.5";
    object      phi;
}
// * * * * * * * * * * * * * * * * * * * * * * * * * * * * * * * * * * * * * //

dimensions      [0 3 -1 0 0 0 0];

oriented        oriented;

internalField   nonuniform List<scalar> 
6392
(
4.24277e-05
-4.24277e-05
7.82244e-05
-3.57967e-05
0.00010393
-2.57051e-05
8.50182e-05
1.89113e-05
4.37963e-05
4.12219e-05
-6.00834e-05
0.00010388
-0.000312766
0.000252682
-0.00056766
0.000254895
-0.000710262
0.000142601
-0.000808317
9.80559e-05
-0.000840966
3.26484e-05
-1.62494e-05
-0.000824716
4.10651e-05
-8.34928e-05
7.45025e-05
-6.92341e-05
8.13207e-05
-3.25232e-05
3.94801e-05
6.07519e-05
-6.72125e-05
0.000147914
-0.00025083
0.000287498
-0.000397548
0.0003994
-0.000501964
0.000359311
-0.000597439
0.000238075
-0.000668968
0.000169585
-0.00071099
7.46704e-05
-1.43493e-05
-0.00071289
4.74876e-05
-0.00013098
8.70062e-05
-0.000108753
0.000108901
-5.44178e-05
9.29499e-05
7.67029e-05
1.56281e-05
0.000225236
-0.000120112
0.000423238
-0.00024192
0.000521208
-0.000335093
0.000452485
-0.000419747
0.000322729
-0.00047902
0.000228859
-0.000518704
0.000114354
3.97345e-05
-0.000572787
5.17406e-05
-0.000182721
8.76478e-05
-0.00014466
0.00010632
-7.30904e-05
9.42378e-05
8.87855e-05
3.85387e-05
0.000280935
-2.81557e-05
0.000489932
-9.36288e-05
0.000586681
-0.000145833
0.00050469
-0.000188611
0.000365506
-0.000185311
0.000225559
-0.000214738
0.000143781
5.42604e-05
-0.000229264
6.44371e-05
-0.000247158
0.000100782
-0.000181005
0.00011702
-8.93285e-05
0.000107621
9.81846e-05
8.18273e-05
0.000306729
6.15978e-05
0.000510162
6.28886e-05
0.00058539
5.24785e-05
0.0005151
5.98144e-05
0.00035817
7.6935e-05
0.000208438
9.54235e-05
0.000125293
-2.12301e-05
0.000170914
7.60507e-05
-0.000323209
0.000109749
-0.000214703
0.000114925
-9.4505e-05
9.8242e-05
0.000114868
7.11091e-05
0.000333862
7.37007e-05
0.00050757
9.73547e-05
0.000561736
0.000116897
0.000495557
0.000151807
0.00032326
0.000206517
0.000153728
0.000294206
3.7604e-05
-9.22849e-05
0.000365261
5.94135e-05
-0.000382622
7.10086e-05
-0.000226298
4.71169e-05
-7.06133e-05
2.76133e-05
0.000134371
1.40098e-05
0.000347465
4.18466e-05
0.000479733
0.000106687
0.000496895
0.000165167
0.000437077
0.000210764
0.000277664
0.000251483
0.000113009
0.000298663
-9.57622e-06
-0.000164712
0.000371091
-3.28926e-06
-0.000379333
-5.98238e-05
-0.000169763
-0.000113871
-1.65666e-05
-0.000102856
0.000123357
-4.45297e-05
0.000289139
3.23412e-05
0.000402862
0.000118147
0.000411089
0.000205696
0.000349529
0.000265304
0.000218056
0.000298521
7.97917e-05
0.00032932
-4.03754e-05
-0.000173547
0.000338155
-7.55735e-05
-0.00030376
-0.000157353
-8.79836e-05
-0.000197591
2.36715e-05
-0.000160145
8.59106e-05
-5.44785e-05
0.000183472
7.03686e-05
0.000278015
0.000160917
0.00032054
0.000250307
0.00026014
0.000303698
0.000164665
0.00031907
6.4419e-05
0.000316535
-3.78399e-05
-0.000149291
0.000292279
-0.000139415
-0.000164344
-0.000200322
-2.70773e-05
-0.000196642
1.99914e-05
-0.000145363
3.4632e-05
-5.75923e-05
9.57018e-05
7.24375e-05
0.000147985
0.000181342
0.000211635
0.00025885
0.000182632
0.000299874
0.000123641
0.000301305
6.29879e-05
0.000282158
-1.86921e-05
-0.000114672
0.000247538
-0.00020556
4.12151e-05
-0.000185999
-4.66377e-05
-0.000113789
-5.22181e-05
-4.45304e-05
-3.46271e-05
3.3321e-05
1.78504e-05
0.000121049
6.02578e-05
0.000221145
0.000111539
0.000287416
0.00011636
0.000313492
9.75648e-05
0.000312334
6.41457e-05
0.000297347
-3.70439e-06
-9.40933e-05
0.000276768
-3.77849e-05
7.90001e-05
-1.59466e-05
-6.8476e-05
2.90694e-05
-9.72341e-05
8.60918e-05
-9.16495e-05
0.000146842
-4.28998e-05
0.000204511
2.58876e-06
0.00028177
3.42804e-05
0.000351393
4.67373e-05
0.000394
5.49579e-05
0.000426209
3.19367e-05
0.000444392
-2.18878e-05
0.000435326
-8.50276e-05
-0.000755804
-6.89128e-05
-0.000627128
-0.000128676
-0.000455287
-0.00017184
-0.000276624
-0.000178663
-0.000115849
-0.000160775
1.03443e-05
-0.000126194
0.000103426
-9.30813e-05
0.000160654
-5.72279e-05
0.000163449
-2.79528e-06
0.000124673
3.8776e-05
7.31431e-05
5.15297e-05
7.31431e-05
-0.000681283
-0.00010052
-0.000590578
-0.000219381
-0.000448533
-0.000313885
-0.000282113
-0.000345083
-0.000144397
-0.000298492
-1.0589e-05
-0.000260001
0.000118428
-0.000222099
0.000123404
-6.22034e-05
5.46317e-05
6.59768e-05
5.71054e-06
8.76972e-05
8.77747e-07
5.63625e-05
7.40208e-05
-0.000594568
-7.87394e-05
-0.000549491
-0.000264458
-0.000444788
-0.000418588
-0.000306083
-0.000483788
-0.000197276
-0.000407298
-0.000109311
-0.000347967
-5.48425e-05
-0.000276567
-5.98254e-05
-5.72205e-05
-2.97656e-05
3.5917e-05
-1.26656e-06
5.91981e-05
4.84948e-06
5.02464e-05
7.88703e-05
-0.000241009
-6.69948e-05
-0.000253534
-0.000251932
-0.000222902
-0.00044922
-0.000160972
-0.000545718
-0.000104262
-0.000464008
-6.57348e-05
-0.000386494
-2.20306e-05
-0.000320271
2.44662e-05
-0.000103717
1.52929e-05
4.50904e-05
1.54652e-05
5.90258e-05
1.70468e-05
4.86649e-05
9.59171e-05
0.000234433
-0.000130514
0.000246291
-0.00026379
0.000198799
-0.000401728
0.000103509
-0.000450428
2.40985e-05
-0.000384598
3.41146e-05
-0.00039651
8.10536e-05
-0.00036721
6.56166e-05
-8.82802e-05
-1.58272e-05
0.000126534
-1.82156e-05
6.14142e-05
-2.01131e-05
5.05623e-05
7.5804e-05
0.0004296
-0.000194853
0.000447622
-0.000281812
0.000380967
-0.000335073
0.000215218
-0.000284679
6.77312e-05
-0.000237111
-1.22474e-05
-0.000316531
-4.63584e-05
-0.000333099
-6.89054e-05
-6.57331e-05
-9.05338e-05
0.000148163
-8.97353e-05
6.06157e-05
-8.11728e-05
4.19998e-05
-5.36874e-06
0.000441395
-0.000265157
0.000443531
-0.000283949
0.000368727
-0.000260269
0.000257613
-0.000173565
0.000119514
-9.90122e-05
-9.23161e-05
-0.000104701
-0.000253638
-0.000171777
-0.000233364
-8.60072e-05
-0.000127039
4.18369e-05
-8.43405e-05
1.79175e-05
-9.49215e-05
5.25808e-05
-0.00010029
0.000325314
-0.000252316
0.000319448
-0.000278082
0.00031477
-0.000255591
0.000282481
-0.000141276
0.000192097
-8.62831e-06
5.17461e-05
3.56494e-05
-0.000113897
-6.13348e-06
-0.000159664
-4.02407e-05
-5.76568e-05
-6.017e-05
-1.68283e-05
-2.2911e-05
-4.56954e-05
8.14479e-05
-0.000145986
0.000262389
-0.000222427
0.000244329
-0.000260022
0.000232565
-0.000243827
0.000224218
-0.000132929
0.000208174
7.41582e-06
0.000186798
5.70251e-05
0.000131074
4.95904e-05
7.43094e-05
1.65238e-05
1.06893e-05
3.45008e-06
5.10958e-05
-6.33175e-05
7.94685e-05
5.30752e-05
-6.65171e-05
0.000219012
-0.0001939
0.000198192
-0.000239203
0.000179307
-0.000224942
0.000178466
-0.000132087
0.000203123
-1.72411e-05
0.00023008
3.00674e-05
0.000247594
3.20773e-05
0.000252199
1.19179e-05
0.000217836
3.78138e-05
0.000177677
-2.31588e-05
0.000144433
8.63195e-05
7.79157e-05
0.00025592
-0.000173052
0.000232467
-0.00021575
0.000208727
-0.000201202
0.000207685
-0.000131046
0.000248924
-5.84802e-05
0.000296506
-1.75138e-05
0.000338881
-1.02976e-05
0.000347826
2.97235e-06
0.000359532
2.61082e-05
0.00025083
8.55429e-05
0.000193164
0.000143986
0.000271079
0.0004167
-0.000154426
0.000388233
-0.000187283
0.000366711
-0.00017968
0.000372184
-0.000136519
0.000411388
-9.76842e-05
0.000452095
-5.82212e-05
0.000484319
-4.25207e-05
0.000489393
-2.1021e-06
0.000484247
3.12544e-05
0.000375095
0.000194695
0.000289013
0.000230068
0.000560092
3.37592e-05
-3.37592e-05
5.57757e-05
-2.20165e-05
7.10559e-05
-1.52802e-05
7.27302e-05
-1.67427e-06
7.32093e-05
-4.79104e-07
7.07961e-05
2.41317e-06
7.13173e-05
-5.21161e-07
5.28701e-05
1.84472e-05
-2.66504e-05
7.95205e-05
-0.000222458
0.000195808
-0.000558872
0.000336413
0.00032901
-0.000887882
3.40719e-05
-6.78311e-05
5.70196e-05
-4.49642e-05
6.22285e-05
-2.04891e-05
5.32935e-05
7.26074e-06
2.99747e-05
2.28397e-05
-1.6252e-05
4.86398e-05
-8.17663e-05
6.49932e-05
-0.000172168
0.000108849
-0.000351908
0.00025926
-0.000589057
0.000432957
-0.000728668
0.000476025
0.000428056
-0.000827714
4.00741e-05
-0.000107905
6.01241e-05
-6.50142e-05
5.86908e-05
-1.90558e-05
4.41052e-05
2.18463e-05
-4.3536e-06
7.12985e-05
-8.00529e-05
0.000124339
-0.000166931
0.000151871
-0.000259452
0.00020137
-0.000394723
0.000394531
-0.000502897
0.000541131
-0.000569428
0.000542556
0.000484015
-0.000625387
4.83857e-05
-0.000156291
7.4496e-05
-9.11245e-05
6.02716e-05
-4.83141e-06
4.44003e-05
3.77176e-05
1.6353e-05
9.93459e-05
-4.57875e-05
0.00018648
-0.000131918
0.000238002
-0.000225965
0.000295418
-0.00031637
0.000484935
-0.000365624
0.000590385
-0.000396201
0.000573133
0.000501461
-0.000413647
4.42103e-05
-0.000200501
6.69618e-05
-0.000113876
5.9387e-05
2.74342e-06
6.13122e-05
3.57924e-05
4.98388e-05
0.000110819
3.46489e-06
0.000232854
-7.27854e-05
0.000314252
-0.000176801
0.000399433
-0.000236808
0.000544942
-0.000240667
0.000594244
-0.000229109
0.000561576
0.000481524
-0.000209172
1.28263e-05
-0.000213328
1.16471e-05
-0.000112697
2.93661e-05
-1.49756e-05
5.36829e-05
1.14755e-05
3.26859e-05
0.000131816
-9.65152e-06
0.000275191
-9.45879e-05
0.000399189
-0.000187363
0.000492208
-0.000208711
0.000566291
-0.000183717
0.000569249
-0.000148348
0.000526207
0.000450694
-0.000117518
-4.48858e-05
-0.000168442
-8.15168e-05
-7.60658e-05
-9.45267e-05
-1.96563e-06
-9.74187e-05
1.43675e-05
-0.000111306
0.000145703
-0.000137707
0.000301592
-0.000195868
0.00045735
-0.000218679
0.000515019
-0.000194785
0.000542396
-0.000136581
0.000511046
-8.26211e-05
0.000472247
0.000409346
-4.12736e-05
-8.45841e-05
-8.38576e-05
-0.000148328
-1.23224e-05
-0.000201003
5.07102e-05
-0.000235692
4.90557e-05
-0.000251535
0.000161546
-0.000263893
0.00031395
-0.00026122
0.000454677
-0.000225423
0.000479222
-0.000158794
0.000475767
-6.84938e-05
0.000420745
1.22076e-05
0.000391546
0.00034154
8.0014e-05
-0.000105943
2.20858e-05
-0.000228555
0.000110289
-0.000293351
0.000115507
-0.000331986
8.76907e-05
-0.000344976
0.000174536
-0.000334141
0.000303115
-0.000292518
0.000413054
-0.000204447
0.000391152
-9.65645e-05
0.000367884
2.76782e-05
0.000296502
0.000162425
0.000256798
0.000216948
0.000287017
-0.000202825
0.000224911
-0.000265606
0.00017307
-0.000330998
0.000180899
-0.000398023
0.000154716
-0.000412165
0.000188678
-0.000367417
0.000258367
-0.000291487
0.000337124
-0.000175799
0.000275464
-1.86454e-05
0.00021073
0.000149164
0.000128693
0.000309501
9.64612e-05
6.29825e-05
0.000463467
-0.000228548
0.000453459
-0.000284114
0.000228635
-0.000355997
0.000252783
-0.000410137
0.000208856
-0.000399659
0.0001782
-0.00035117
0.000209878
-0.000278773
0.000264726
-0.000130187
0.000126879
6.719e-05
1.3353e-05
0.00025696
-6.1077e-05
0.000434767
-8.13459e-05
-0.000111694
0.000609443
-7.48656e-05
0.000528324
-0.000210149
0.000363918
-0.000267743
0.000310378
-0.000313806
0.000254918
-0.000319507
0.000183902
-0.000253923
0.000144294
-9.48011e-05
0.000105604
0.000118992
-8.69144e-05
0.000311344
-0.000178999
0.000483007
-0.000232739
0.000650379
-0.000248718
0.000795965
-0.00025728
-0.00107655
0.000188665
-0.00120388
0.000127334
-0.00123846
3.45802e-05
-0.00121565
-2.28063e-05
-0.00115045
-6.52048e-05
-0.00105569
-9.4756e-05
-0.000917728
-0.000137965
-0.000746842
-0.000170886
-0.00053839
-0.000208452
-0.000309349
-0.000229041
-7.89424e-05
-0.000230407
-7.89424e-05
-0.000921568
0.000282519
-0.000958155
0.00016392
-0.000942125
1.85507e-05
-0.00088787
-7.70615e-05
-0.000821259
-0.000131815
-0.000743135
-0.000172881
-0.000656689
-0.000224412
-0.000546566
-0.000281008
-0.000422414
-0.000332605
-0.00028004
-0.000371415
-0.00010548
-0.000404966
-0.000184423
-0.000674963
0.000332095
-0.000673265
0.000162222
-0.000636234
-1.84794e-05
-0.000593943
-0.000119353
-0.000546318
-0.00017944
-0.000490202
-0.000228996
-0.000430787
-0.000283826
-0.000359152
-0.000352644
-0.0002883
-0.000403457
-0.000205295
-0.00045442
-9.90009e-05
-0.00051126
-0.000283424
-0.000428895
0.000347343
-0.000418776
0.000152103
-0.000408822
-2.84334e-05
-0.000405514
-0.000122662
-0.000396719
-0.000188235
-0.000372373
-0.000253342
-0.000331767
-0.000324432
-0.000275111
-0.0004093
-0.000219648
-0.00045892
-0.000150276
-0.000523792
-7.65299e-05
-0.000585006
-0.000359954
-0.000200918
0.000339089
-0.000202242
0.000153426
-0.000232558
1.88305e-06
-0.000260437
-9.47827e-05
-0.000266732
-0.000181939
-0.000259543
-0.000260532
-0.000245817
-0.000338158
-0.000216823
-0.000438294
-0.000179944
-0.000495799
-0.000118378
-0.000585357
-4.32994e-05
-0.000660085
-0.000403253
-0.000112398
0.000333968
-0.000115633
0.000156662
-0.000132017
1.82677e-05
-0.000144291
-8.2509e-05
-0.000145083
-0.000181148
-0.000139512
-0.000266103
-0.000148648
-0.000329021
-0.000153211
-0.000433731
-0.000149984
-0.000499026
-0.000105492
-0.000629849
-3.96823e-05
-0.000725896
-0.000442935
-2.54127e-05
0.000318108
-2.27675e-05
0.000154016
-4.48808e-06
-1.17351e-08
2.48363e-05
-0.000111833
4.02743e-05
-0.000196586
4.65277e-05
-0.000272356
2.03671e-05
-0.000302861
-2.08197e-05
-0.000392545
-6.78254e-05
-0.00045202
-6.68894e-05
-0.000630785
-2.49448e-05
-0.00076784
-0.00046788
0.000137691
0.000260431
0.000181978
0.000109729
0.000221991
-4.00248e-05
0.000262402
-0.000152244
0.000276779
-0.000210963
0.000264217
-0.000259795
0.000225677
-0.00026432
0.000158308
-0.000325176
7.14864e-05
-0.000365198
1.45965e-05
-0.000573895
-1.91953e-06
-0.000751324
-0.0004698
0.000387235
0.000160214
0.000452697
4.42664e-05
0.00049
-7.73283e-05
0.000506286
-0.000168529
0.000498196
-0.000202872
0.000458581
-0.000220181
0.000394344
-0.000200083
0.000312718
-0.000243549
0.000237144
-0.000289625
0.00017547
-0.000512221
5.97082e-05
-0.000635562
-0.000410091
0.000584275
3.94059e-05
0.000666506
-3.79644e-05
0.000709941
-0.000120763
0.000711263
-0.000169852
0.000685937
-0.000177547
0.000631193
-0.000165436
0.000570201
-0.000139092
0.000504133
-0.000177481
0.000441248
-0.00022674
0.000328288
-0.000399262
0.000124425
-0.000431699
-0.000285667
0.000758066
-0.000109217
0.000850729
-0.000130628
0.000879945
-0.000149979
0.000866775
-0.000156682
0.000832055
-0.000142826
0.000786152
-0.000119533
0.000750585
-0.000103524
0.000695883
-0.00012278
0.000614559
-0.000145415
0.000441635
-0.000226338
0.000249596
-0.00023966
-3.60702e-05
0.000907419
-0.000220671
0.000951338
-0.000174547
0.000951937
-0.000150578
0.00093594
-0.000140684
0.000908556
-0.000115443
0.000878838
-8.98144e-05
0.000839565
-6.42506e-05
0.000762259
-4.5474e-05
0.000653533
-3.66894e-05
0.000466397
-3.92023e-05
0.000273555
-4.68183e-05
0.000237485
5.31775e-05
-5.31775e-05
8.87463e-05
-3.55688e-05
0.000113581
-2.48351e-05
0.000122853
-9.27112e-06
0.000123386
-5.33263e-07
9.42138e-05
2.9172e-05
5.01834e-05
4.40304e-05
7.59758e-06
4.25858e-05
-2.57571e-05
3.33547e-05
-3.93997e-05
1.36426e-05
-3.66271e-05
-2.77261e-06
-1.55567e-05
-2.10704e-05
3.97015e-05
-9.2879e-05
8.37107e-05
-7.9578e-05
0.000107264
-4.83886e-05
0.000120793
-2.28004e-05
0.000116434
3.8265e-06
7.70378e-05
6.85678e-05
1.07363e-05
0.000110332
-5.47381e-05
0.00010806
-9.68632e-05
7.54798e-05
-0.000113663
3.04421e-05
-0.000111927
-4.50865e-06
-3.00307e-05
-9.74527e-05
3.22342e-05
-0.000125113
7.34909e-05
-0.000120835
9.7e-05
-7.18977e-05
0.000125465
-5.12656e-05
0.0001339
-4.60807e-06
0.000102755
9.97129e-05
4.26281e-05
0.000170459
-2.46985e-05
0.000175387
-7.28936e-05
0.000123675
-9.98816e-05
5.74301e-05
-0.000107859
3.46878e-06
-3.1646e-05
-0.000106244
2.22272e-05
-0.00014734
4.36965e-05
-0.000142304
7.21575e-05
-0.000100359
0.000105963
-8.50713e-05
0.000110884
-9.52858e-06
8.05631e-05
0.000130034
2.16513e-05
0.00022937
-3.61986e-05
0.000233237
-8.20647e-05
0.000169541
-0.000122976
9.83414e-05
-0.000166842
4.73349e-05
5.2422e-05
-0.00025091
9.13193e-06
-0.000156472
1.93575e-05
-0.000152529
5.01003e-05
-0.000131102
7.2181e-05
-0.000107152
5.18261e-05
1.08263e-05
-3.99856e-08
0.0001819
-5.63263e-05
0.000285657
-9.94494e-05
0.00027636
-0.000137046
0.000207138
-0.000186069
0.000147364
-0.000303448
0.000164714
0.000233305
-0.000484332
1.16343e-05
-0.000168107
2.12478e-05
-0.000162143
1.39431e-05
-0.000123797
-7.86933e-06
-8.53396e-05
-7.06387e-05
7.35957e-05
-0.000140923
0.000252184
-0.000167866
0.000312599
-0.000172177
0.000280671
-0.000186104
0.000221065
-0.0002575
0.00021876
-0.000411593
0.000318808
0.000361522
-0.00053981
-9.15272e-06
-0.000158954
-1.76011e-05
-0.000153695
-5.56068e-05
-8.57911e-05
-0.000118823
-2.21231e-05
-0.000204389
0.000159162
-0.000245081
0.000292876
-0.000241433
0.000308951
-0.000230506
0.000269745
-0.000248582
0.000239141
-0.000336323
0.000306501
-0.00043288
0.000415364
0.000411084
-0.000482442
-5.54661e-05
-0.000103488
-0.00010131
-0.000107851
-0.000148344
-3.87563e-05
-0.000231726
6.12581e-05
-0.000311192
0.000238629
-0.000334909
0.000316592
-0.000331409
0.00030545
-0.000322725
0.000261061
-0.00033535
0.000251765
-0.000375581
0.000346732
-0.000389923
0.000429706
0.000403464
-0.000382303
-0.00010764
4.15166e-06
-0.000182932
-3.25584e-05
-0.000250607
2.89189e-05
-0.000330583
0.000141234
-0.000385802
0.000293847
-0.000400334
0.000331125
-0.00039266
0.000297776
-0.000384852
0.000253254
-0.000384846
0.00025176
-0.000382112
0.000343998
-0.000338926
0.00038652
0.000328621
-0.000264083
-0.000209549
0.0002137
-0.000280533
3.84261e-05
-0.000338462
8.68481e-05
-0.00039899
0.000201761
-0.000445354
0.000340212
-0.000470886
0.000356657
-0.000469111
0.000296002
-0.000460104
0.000244246
-0.000446227
0.000237882
-0.000406234
0.000304005
-0.00029891
0.000279196
0.000186419
-0.000156708
-9.79457e-05
0.000311646
-0.000213528
0.000154008
-0.00029616
0.000169481
-0.000353997
0.000259598
-0.000381405
0.00036762
-0.000400145
0.000375396
-0.000438789
0.000334646
-0.000493678
0.000299135
-0.000492781
0.000236985
-0.000427713
0.000238938
-0.000256543
0.000108026
-5.94199e-06
-6.41819e-05
5.03229e-05
0.000261323
-3.31671e-05
0.000237498
-0.000119652
0.000255966
-0.000181258
0.000321204
-0.000203563
0.000389925
-0.000218739
0.000390573
-0.000246788
0.000362695
-0.000264793
0.000317139
-0.000307916
0.000280109
-0.000288394
0.000219415
-0.00012719
-5.31781e-05
8.10669e-05
-0.000214199
4.52848e-06
-2.55988e-05
3.38007e-05
-2.92723e-05
5.86329e-05
-2.48322e-05
8.13682e-05
-2.27353e-05
0.00010346
-2.20919e-05
0.000111107
-7.64719e-06
8.74398e-05
2.36675e-05
2.56834e-05
6.17565e-05
-2.56333e-05
5.13166e-05
-4.86518e-05
2.30186e-05
-3.07507e-05
-1.79011e-05
-3.07507e-05
-7.44097e-05
-4.86418e-05
-4.13555e-05
-6.23264e-05
-1.34005e-05
-5.27872e-05
1.23567e-05
-4.84925e-05
3.76482e-05
-4.73834e-05
4.90494e-05
-1.90484e-05
4.97968e-05
2.29201e-05
3.91412e-05
7.2412e-05
2.82297e-05
6.22282e-05
1.4793e-05
3.64553e-05
-5.08962e-06
1.98149e-06
-3.58403e-05
-0.000121373
-3.35125e-05
-0.000152412
-3.12876e-05
-0.000166126
-3.90729e-05
-0.000169475
-4.51433e-05
-0.000151491
-6.53682e-05
-0.000115485
-5.5054e-05
-6.64229e-05
-2.6142e-05
5.73322e-06
2.55848e-07
6.16002e-05
6.36121e-06
7.61145e-05
2.1941e-05
3.79395e-05
4.01564e-05
2.09922e-06
-0.000376982
9.25598e-05
-0.000491935
8.36652e-05
-0.000570025
3.9017e-05
-0.00061076
-4.40841e-06
-0.000607659
-6.84693e-05
-0.000545536
-0.000117177
-0.000411924
-0.000159754
-0.000216902
-0.000194766
-2.37556e-05
-0.000186785
7.18291e-05
-7.36438e-05
6.46344e-05
4.73511e-05
6.67336e-05
-0.00063709
0.000245318
-0.000721577
0.000168153
-0.000779377
9.68165e-05
-0.000805982
2.21969e-05
-0.000809081
-6.53702e-05
-0.000762086
-0.000164172
-0.000638381
-0.000283459
-0.000462024
-0.000371123
-0.000246181
-0.000402628
-4.43518e-05
-0.000275473
3.39529e-05
-3.09536e-05
0.000100687
-0.000610689
0.000316197
-0.000671172
0.000228635
-0.000718654
0.000144299
-0.000763973
6.75155e-05
-0.000790336
-3.9007e-05
-0.000751259
-0.000203249
-0.000662747
-0.000371971
-0.00054812
-0.00048575
-0.000400922
-0.000549826
-0.000214528
-0.000461867
-5.72627e-05
-0.000188219
4.34238e-05
-0.000517936
0.000351691
-0.000552561
0.000263261
-0.000584103
0.000175841
-0.000629574
0.000112986
-0.000685247
1.66667e-05
-0.000669871
-0.000218626
-0.000604245
-0.000437596
-0.000505442
-0.000584553
-0.000380962
-0.000674306
-0.000239271
-0.000603558
-6.13877e-05
-0.000366102
-1.79638e-05
-0.000356597
0.000325985
-0.000340799
0.000247463
-0.000331179
0.000166221
-0.000387968
0.000169774
-0.00046932
9.8019e-05
-0.000516809
-0.000171137
-0.00049731
-0.000457096
-0.000429063
-0.0006528
-0.000340669
-0.000762699
-0.000212224
-0.000732004
-4.89069e-05
-0.000529419
-6.68708e-05
-0.000171846
0.000233748
-8.80756e-05
0.000163693
8.14983e-06
6.99959e-05
-4.30457e-05
0.00022097
-0.000120962
0.000175936
-0.000206943
-8.51563e-05
-0.000265314
-0.000398725
-0.000256477
-0.000661637
-0.000251536
-0.00076764
-0.000207401
-0.000776139
-8.67073e-05
-0.000650113
-0.000153578
-2.90818e-05
0.000106122
0.000130236
4.37457e-06
0.000285376
-8.51437e-05
0.000330556
0.00017579
0.0003102
0.000196292
0.000225778
-7.34807e-07
0.000161291
-0.000334237
9.27866e-05
-0.000593133
-3.11399e-06
-0.00067174
-8.67662e-05
-0.000692487
-8.00407e-05
-0.000656838
-0.000233619
7.73531e-05
-3.54133e-05
0.000230105
-0.000148377
0.000347505
-0.000202544
0.000466026
5.72695e-05
0.00052461
0.000137707
0.000551477
-2.76015e-05
0.000593179
-0.000375939
0.00054179
-0.000541744
0.000445297
-0.000575246
0.00030926
-0.00055645
0.000134063
-0.000481641
-9.95559e-05
0.000253329
-0.000207675
0.000334022
-0.00022907
0.000337919
-0.000206441
0.000405202
-1.00135e-05
0.000555228
-1.23187e-05
0.000742594
-0.000214967
0.000820042
-0.000453387
0.000770881
-0.000492583
0.000660045
-0.000464411
0.000485884
-0.000382289
0.000247237
-0.000242994
0.000147681
-3.25782e-05
3.25782e-05
-5.53025e-05
2.27243e-05
-6.20839e-05
6.78142e-06
-5.63693e-05
-5.71465e-06
-5.5141e-05
-1.22828e-06
-6.09379e-05
5.79693e-06
-6.00811e-05
-8.56857e-07
-7.67048e-05
1.66237e-05
-0.000141267
6.45621e-05
-0.00028343
0.000142163
-0.000459616
0.000176186
0.000142687
-0.000602303
-4.43885e-06
3.7017e-05
-1.56246e-05
3.39101e-05
-2.58577e-05
1.70145e-05
-3.94538e-05
7.88141e-06
-5.45977e-05
1.39157e-05
-9.16606e-05
4.28597e-05
-0.000159749
6.72319e-05
-0.000266956
0.000123831
-0.000397971
0.000195577
-0.00049732
0.000241511
-0.000573501
0.000252368
0.00023419
-0.000665004
3.35195e-05
3.49752e-06
4.18303e-05
2.55993e-05
3.48701e-05
2.39748e-05
1.46935e-05
2.8058e-05
-1.27471e-05
4.13563e-05
-6.65602e-05
9.66728e-05
-0.000155482
0.000156153
-0.000247326
0.000215675
-0.000326167
0.000274418
-0.000402177
0.000317521
-0.00049075
0.000340941
0.000334379
-0.000590939
5.28398e-05
-4.93423e-05
9.29272e-05
-1.44882e-05
0.000101787
1.51153e-05
8.97455e-05
4.00992e-05
6.44656e-05
6.66361e-05
1.86376e-05
0.000142501
-5.17418e-05
0.000226533
-0.000127225
0.000291158
-0.000216044
0.000363237
-0.000309868
0.000411344
-0.000396577
0.00042765
0.000421661
-0.000483859
5.84544e-05
-0.000107797
0.000127739
-8.37729e-05
0.000150356
-7.50115e-06
0.000154679
3.57763e-05
0.000138803
8.25117e-05
8.92811e-05
0.000192023
2.5938e-05
0.000289876
-5.10762e-05
0.000368172
-0.000137115
0.000449276
-0.000210695
0.000484925
-0.000267732
0.000484687
0.000479589
-0.00032566
7.48154e-05
-0.000182612
0.000152297
-0.000161254
0.000181892
-3.70967e-05
0.000169646
4.80231e-05
0.000136433
0.000115725
9.54776e-05
0.000232978
4.28322e-05
0.000342521
-3.24555e-05
0.00044346
-0.000104244
0.000521065
-0.00013461
0.00051529
-0.000143926
0.000494003
0.000495385
-0.000159722
7.6193e-05
-0.000258805
0.000130181
-0.000215243
0.000137929
-4.48446e-05
0.000108632
7.73197e-05
6.35001e-05
0.000160857
3.19971e-05
0.000264481
-1.61262e-05
0.000390645
-7.11669e-05
0.000498501
-9.93493e-05
0.000549247
-9.27685e-05
0.00050871
-6.32241e-05
0.000464458
0.000463311
-3.11503e-05
3.90366e-05
-0.000297842
4.4465e-05
-0.000220671
1.10158e-05
-1.13953e-05
-2.32623e-05
0.000111598
-5.82941e-05
0.000195889
-8.91193e-05
0.000295306
-0.000115576
0.000417102
-0.00012201
0.000504934
-9.7401e-05
0.000524638
-6.12541e-05
0.000472563
-9.48689e-06
0.000412691
0.00039705
5.67744e-05
-7.0905e-05
-0.000226937
-0.000126669
-0.000164907
-0.000167617
2.95532e-05
-0.000199871
0.000143851
-0.000197766
0.000193784
-0.000170533
0.000268073
-0.000140569
0.000387138
-0.000110236
0.000474601
-5.66396e-05
0.000471042
-1.84502e-06
0.000417768
5.22619e-05
0.000358584
0.000335013
0.000114299
-0.000157384
-6.95529e-05
-0.000244517
-7.77736e-05
-0.000265039
5.00748e-05
-0.000255741
0.000134553
-0.000237345
0.000175388
-0.000196935
0.000227662
-0.000142369
0.000332572
-6.79096e-05
0.000400142
2.48517e-05
0.00037828
9.82885e-05
0.000344331
0.000136277
0.000320596
0.000295814
0.000175476
-0.000131287
6.17345e-05
-0.000208753
-3.08228e-07
-0.000216614
5.79359e-05
-0.000224486
0.000142426
-0.000228022
0.000178924
-0.000188767
0.000188408
-0.000105775
0.000249579
8.53644e-06
0.000285831
0.000110859
0.000275958
0.00017825
0.00027694
0.000222935
0.000275911
0.000268521
0.000250227
-6.47589e-05
0.000126493
-0.000118791
5.3724e-05
-0.000102597
4.17422e-05
-8.32297e-05
0.000123058
-6.38115e-05
0.000159506
-3.23279e-05
0.000156924
2.29842e-05
0.000194267
0.000103718
0.000205097
0.000178974
0.000200702
0.000236633
0.000219281
0.000281123
0.000231422
0.00031857
0.000231074
-0.000734012
0.000131709
-0.000795844
6.18319e-05
-0.000775205
-2.06394e-05
-0.000682518
-9.26871e-05
-0.00052712
-0.000155397
-0.000322624
-0.000204497
-6.37572e-05
-0.000258866
0.000222369
-0.000286126
0.000462896
-0.000240527
0.000426069
3.68279e-05
0.00024317
0.000182899
0.00024317
-0.000731854
0.00019856
-0.000757428
8.74061e-05
-0.000717297
-6.07705e-05
-0.000619316
-0.000190669
-0.000487552
-0.000287161
-0.000323667
-0.000368381
-0.000123056
-0.000459478
0.000101625
-0.000510807
0.000297631
-0.000436534
0.000275542
5.89178e-05
0.000140581
0.000317859
0.000383751
-0.000667168
0.000274789
-0.000699409
0.000119647
-0.000669323
-9.0857e-05
-0.000577778
-0.000282214
-0.000463301
-0.000401638
-0.000351652
-0.00048003
-0.000238916
-0.000572214
-9.77532e-05
-0.00065197
8.9874e-05
-0.000624161
8.96923e-05
5.90996e-05
-2.16948e-06
0.000409721
0.000381582
-0.000559831
0.00035076
-0.00060267
0.000162487
-0.000588695
-0.000104832
-0.00051065
-0.000360259
-0.000414171
-0.000498116
-0.000337638
-0.000556563
-0.000291477
-0.000618376
-0.000218956
-0.00072449
-9.60641e-05
-0.000747053
-8.28007e-05
4.58362e-05
-0.000142324
0.000469244
0.000239258
-0.000390753
0.000415854
-0.000451098
0.000222832
-0.000462614
-9.33161e-05
-0.000407727
-0.000415146
-0.000330125
-0.000575719
-0.000278375
-0.000608314
-0.000285987
-0.000610764
-0.000259202
-0.000751275
-0.000164667
-0.000841588
-5.31732e-05
-6.56578e-05
-0.000121677
0.000537748
0.00011758
-0.000182635
0.000438766
-0.000215467
0.000255664
-0.000248658
-6.0125e-05
-0.000246391
-0.000417413
-0.000202283
-0.000619826
-0.000189679
-0.000620917
-0.000221837
-0.000578606
-0.000211624
-0.000761488
-0.000158622
-0.00089459
4.51082e-05
-0.000269388
5.1154e-05
0.000531702
0.000168734
7.55945e-06
0.000400057
2.78157e-05
0.000235408
4.34651e-06
-3.66559e-05
-2.64263e-05
-0.00038664
-7.70659e-05
-0.000569187
-0.000157645
-0.000540339
-0.000184405
-0.000551846
-0.000153336
-0.000792557
-0.000127394
-0.000920532
5.55487e-05
-0.00045233
8.87419e-05
0.000498509
0.000257476
0.00012023
0.000336601
0.000160752
0.000194885
0.000166069
-4.19722e-05
0.000130491
-0.000351063
2.64094e-06
-0.000441336
-0.000146901
-0.000390797
-0.000170776
-0.000527971
-0.000141268
-0.000822065
-0.000100776
-0.000961024
5.8908e-05
-0.000612014
9.41406e-05
0.000463276
0.000351617
0.000175106
0.000275794
0.000208453
0.000161539
0.000226946
-6.04653e-05
0.000182806
-0.000306923
1.69778e-05
-0.000275508
-0.000161302
-0.000212518
-0.000211231
-0.000478042
-0.000247048
-0.000786248
-0.000224502
-0.00098357
-2.62938e-05
-0.000810222
9.68083e-05
0.000340174
0.000448425
0.000229199
0.00022207
0.000245525
0.000145214
0.000243502
-5.84425e-05
0.000141391
-0.000204812
1.48064e-05
-0.000148924
-0.00012896
-6.87515e-05
-0.000306791
-0.00030021
-0.000442557
-0.000650483
-0.000447972
-0.000978154
-0.000233848
-0.00102435
-2.47234e-07
0.000106574
0.000448178
0.000263555
0.000208743
0.000270089
0.00013868
0.000208078
3.56892e-06
6.59704e-05
-6.27048e-05
1.87365e-05
-0.00010169
-7.342e-06
-4.2673e-05
-0.000224426
-8.3126e-05
-0.000458384
-0.000416525
-0.000524643
-0.000911895
-0.000395932
-0.00115306
-7.92213e-05
-0.000210137
0.000368957
0.000349699
0.000177613
0.000380664
0.000107715
0.000354721
2.95118e-05
0.000303512
-1.14958e-05
0.000152109
4.97129e-05
-1.10832e-05
0.00012052
-0.000120585
2.63759e-05
-0.000226587
-0.000310523
-0.000402601
-0.000735881
-0.000555855
-0.000999803
-0.00026693
-0.000499063
0.000102027
0.00074668
-3.6358e-05
-0.000631322
0.000725741
-4.75371e-05
0.000686517
-5.801e-05
0.000642002
-4.71346e-05
0.000617199
-1.80961e-05
0.000613634
6.15383e-06
0.000637776
1.01385e-05
0.000682139
2.37394e-06
0.000747163
-1.00664e-05
0.000811378
-3.22782e-05
0.000838743
-4.92528e-05
-7.29512e-05
0.000826667
0.000656105
-7.39802e-05
-0.000618483
0.00070317
-9.46015e-05
0.00073346
-8.82998e-05
0.000763533
-7.72084e-05
0.000810712
-6.5275e-05
0.000865216
-4.83501e-05
0.000911665
-3.63098e-05
0.000951546
-3.75079e-05
0.00097944
-3.79604e-05
0.000989945
-4.27831e-05
0.000983637
-4.29448e-05
-4.6937e-05
0.000957623
0.000762845
-0.000110488
-0.000726337
0.000767741
-9.94976e-05
0.00077576
-9.63186e-05
0.00079159
-9.30392e-05
0.000808743
-8.24273e-05
0.000825078
-6.46859e-05
0.000839234
-5.04653e-05
0.000852762
-5.10363e-05
0.000865478
-5.0676e-05
0.000878318
-5.56236e-05
0.000890616
-5.52427e-05
-5.19393e-05
0.000895619
0.00072427
-0.000709735
-0.000125022
0.000740883
-0.000116111
0.000754974
-0.00011041
0.000771105
-0.00010917
0.000794192
-0.000105514
0.000831265
-0.000101759
0.000872337
-9.15372e-05
0.000904375
-8.30742e-05
0.000929213
-7.55143e-05
0.00094147
-6.78805e-05
0.000937905
-5.16777e-05
0.000926849
-4.08832e-05
0.000788956
-0.000116715
0.0007376
-0.000135927
0.000690518
-0.000132598
0.000665556
-0.000111557
0.000662744
-9.48724e-05
0.000667595
-6.30721e-05
0.000671137
-4.60625e-05
0.000665111
3.92415e-06
0.000634886
6.14794e-05
0.000618733
0.000210847
0.00049892
0.000349881
0.000685923
0.00037309
0.000909653
-6.87451e-05
0.000854773
-8.10469e-05
0.000811926
-8.9751e-05
0.000794311
-9.39418e-05
0.000791513
-9.20747e-05
0.000799812
-7.13707e-05
0.000803587
-4.9838e-05
0.000803381
4.13012e-06
0.000767072
9.77891e-05
0.000729973
0.000247946
0.00061631
0.000463544
0.000788975
0.000513258
0.000889011
-6.21376e-05
0.000872985
-6.50204e-05
0.000863579
-8.03458e-05
0.000868918
-9.92804e-05
0.000879097
-0.000102254
0.000896294
-8.85672e-05
0.000903256
-5.68001e-05
0.000912095
-4.70948e-06
0.000892989
0.000116895
0.000864693
0.000276242
0.000832955
0.000495281
0.000845679
0.000776252
0.000922741
-5.803e-05
0.000922829
-6.51083e-05
0.000927258
-8.47749e-05
0.000942814
-0.000114836
0.000957278
-0.000116718
0.000963984
-9.52736e-05
0.000983409
-7.62248e-05
0.00100224
-2.35386e-05
0.000984971
0.000134162
0.000952013
0.0003092
0.000938937
0.000508358
0.000941036
0.00084358
0.00036322
0.000538194
0.000378149
0.00034899
0.000441244
0.000247283
0.000474305
0.000221857
0.00045671
0.000201497
0.000545568
5.54357e-05
0.000727045
-7.58727e-05
0.000785532
-0.000145402
0.000792901
-0.000186368
0.000803408
-0.000243246
0.000830731
-0.000276042
-0.000279171
0.000852622
0.000488362
0.00056309
0.000482093
0.000355259
0.000519972
0.000209403
0.000587565
0.000154264
0.000715029
7.4033e-05
0.000808509
-3.80443e-05
0.000807745
-7.51086e-05
0.000797532
-0.000135189
0.00079052
-0.000179356
0.000791056
-0.000243781
0.000809404
-0.00029439
-0.000311817
0.00084205
0.000676359
0.000662982
0.000595545
0.000436074
0.000628238
0.00017671
0.0006732
0.000109302
0.000695347
5.18857e-05
0.00070934
-5.2037e-05
0.000729444
-9.52129e-05
0.000763122
-0.000168866
0.000796259
-0.000212494
0.000833265
-0.000280787
0.000900204
-0.000361328
-0.000383509
0.000971897
0.000905325
0.000698692
0.000850692
0.000490707
0.000793086
0.000234316
0.000787693
0.000114695
0.000809204
3.03751e-05
0.000830965
-7.37981e-05
0.000868692
-0.00013294
0.000895568
-0.000195743
0.000909069
-0.000225995
0.000988782
-0.000360501
0.00110256
-0.000475109
0.00115007
-0.000431015
0.000869692
-0.000237741
0.000887461
-0.000192316
0.000906043
-0.00016916
0.000921167
-0.000155808
0.000928272
-0.000122548
0.000929859
-9.14012e-05
0.000919709
-5.41011e-05
0.000901866
-2.76306e-05
0.000853285
1.18915e-05
0.00077236
4.17227e-05
0.000611285
0.000114256
0.000353654
0.000495117
0.000879226
-0.000274918
0.000926434
-0.000239524
0.00096468
-0.000207406
0.00098359
-0.000174718
0.000991901
-0.000130859
0.00100042
-9.99172e-05
0.0010005
-5.41857e-05
0.000996452
-2.35814e-05
0.000977314
3.10304e-05
0.000938004
8.10322e-05
0.000880169
0.000172092
0.000410231
0.000823592
0.00101368
-0.000316699
0.00103058
-0.000256429
0.00102812
-0.000204941
0.00102127
-0.000167871
0.00101759
-0.000127174
0.00102296
-0.000105293
0.00103658
-6.78067e-05
0.00105765
-4.46518e-05
0.00107932
9.36303e-06
0.00108534
7.50123e-05
0.00108115
0.000176277
0.000420044
0.00107134
0.0011401
-0.000306735
0.00111734
-0.000233667
0.0011005
-0.000188096
0.00109616
-0.000163533
0.0011042
-0.000135217
0.00111993
-0.000121022
0.00113102
-7.88962e-05
0.00114016
-5.37855e-05
0.00113975
9.76367e-06
0.00114175
7.30206e-05
0.00114579
0.000172234
0.0011469
0.000418936
0.00043381
0.00032263
0.000373237
0.000298072
0.00029871
0.000330493
0.000242916
0.000376997
0.000242927
0.000389914
0.000276442
0.000357057
0.000324593
0.000314545
0.000363395
0.000278337
0.000372625
0.000270879
0.000405485
0.000186555
0.000405682
-5.33747e-05
-0.000214961
0.000406444
0.000718208
0.000428013
0.000616646
0.000399634
0.000568536
0.000378603
0.000560044
0.000385489
0.000582254
0.000367704
0.000624694
0.000314617
0.000670945
0.000268294
0.000704503
0.000244779
0.00074248
0.000232902
0.000766102
0.000162933
0.000713883
-1.15591e-06
-0.00011656
0.000615482
0.00100841
0.00049094
0.000914379
0.000493669
0.000836904
0.000456078
0.000799449
0.000422944
0.000793884
0.00037327
0.000805951
0.000302549
0.000823592
0.000250652
0.000839178
0.000229194
0.000842835
0.000229245
0.000800345
0.000205423
0.000714884
8.43051e-05
-3.9715e-05
0.000638038
0.00112737
0.000510469
0.00108681
0.000534228
0.00104423
0.000498655
0.00102443
0.000442744
0.00101894
0.000378765
0.00102653
0.000294956
0.0010361
0.000241087
0.00102338
0.00024191
0.000966727
0.000285899
0.000874072
0.000298078
0.000821098
0.000137278
0.000825504
-4.41207e-05
0.000447703
-0.000248934
0.000411149
-0.000192517
0.000340448
-0.00013574
0.000427913
-9.74785e-05
0.000689527
-0.000273933
0.000893849
-0.000419289
0.000903183
-0.000462721
0.000844193
-0.000433594
0.000753996
-0.000374213
0.000655761
-0.000284054
0.000576276
-0.000163509
0.000164742
0.000559215
0.000562049
-0.000195501
0.000571293
-0.000201761
0.000618748
-0.000183195
0.000771709
-0.000250439
0.000879876
-0.0003821
0.000871502
-0.000410915
0.000817073
-0.000408292
0.000763094
-0.000379615
0.000730619
-0.000341737
0.000706043
-0.000259478
0.000698142
-0.000155608
0.000120901
0.000741983
0.00062515
-0.000182613
0.000661691
-0.000238302
0.000741434
-0.000262939
0.000800347
-0.000309352
0.000800953
-0.000382706
0.000790622
-0.000400584
0.000786482
-0.000404151
0.000783984
-0.000377118
0.000773811
-0.000331564
0.000763061
-0.000248729
0.000760111
-0.000152658
8.56516e-05
0.00079536
0.000825985
-0.000183093
0.000819111
-0.000231428
0.000829579
-0.000273408
0.000834724
-0.000314496
0.000836237
-0.00038422
0.00084634
-0.000410686
0.000850143
-0.000407955
0.00083425
-0.000361224
0.000820567
-0.000317881
0.000827155
-0.000255317
0.000819933
-0.000145436
0.000822076
8.3508e-05
0.000512294
0.000173415
0.000412633
0.000153385
0.000301155
0.00015322
0.000237862
0.000186351
0.000217152
0.000180216
0.000218045
0.000156031
0.000242063
0.000170249
0.0002676
0.00017956
0.000283621
0.000184681
0.000303389
0.000199513
0.000331309
0.000203502
0.000204122
0.000358261
0.000763145
0.000152254
0.000740159
0.00017637
0.000677473
0.000215906
0.000607706
0.000256118
0.000530167
0.000257755
0.000454182
0.000232016
0.000421134
0.000203297
0.000407779
0.000192915
0.000399164
0.000193296
0.000398207
0.000200469
0.000411186
0.000190524
0.000178998
0.00043631
0.000826311
0.000121302
0.000832769
0.000169913
0.000827348
0.000221327
0.000816207
0.000267259
0.000786645
0.000287317
0.000713139
0.000305522
0.000612062
0.000304374
0.000535557
0.00026942
0.000501002
0.000227851
0.000484143
0.000217329
0.000483657
0.00019101
0.000162439
0.000500215
0.000841504
0.000101874
0.0008576
0.000153817
0.000869699
0.000209227
0.000877898
0.000259061
0.000865816
0.000299399
0.000827826
0.000343512
0.000771031
0.000361169
0.000693554
0.000346898
0.000612
0.000309404
0.000571459
0.00025787
0.000569707
0.000192762
0.000590246
0.000141901
0.000384757
0.000151118
0.000395
9.74723e-05
0.000379822
4.46899e-05
0.00032438
4.39464e-05
0.000245269
0.000128824
0.00033275
3.30385e-05
0.000594868
-0.000235743
0.000789012
-0.000504667
0.000720197
-0.000667066
0.000427554
-0.00070716
0.000391886
-0.000463395
-0.000137409
0.00046096
0.000126468
0.0004774
8.10317e-05
0.000479929
4.21606e-05
0.00052795
-4.07434e-06
0.000734685
-7.79108e-05
0.00100902
-0.000241299
0.00119908
-0.000425797
0.00123287
-0.000538463
0.00113187
-0.000566064
0.000910061
-0.00048535
0.0006862
-0.000239534
-6.96923e-05
0.000529007
9.76764e-05
0.000570224
3.9814e-05
0.000615793
-3.40839e-06
0.000660547
-4.88284e-05
0.000723929
-0.000141293
0.000787185
-0.000304555
0.000808613
-0.000447226
0.000795619
-0.000525468
0.000730863
-0.000501308
0.000655306
-0.000409793
0.000661888
-0.000246116
-0.000134142
0.000629328
5.85947e-05
0.000654125
1.50166e-05
0.000655491
-4.77436e-06
0.000674867
-6.82043e-05
0.000742414
-0.00020884
0.00079373
-0.000355872
0.000793341
-0.000446836
0.000760472
-0.000492599
0.000714663
-0.0004555
0.00069416
-0.000389289
0.00070213
-0.000254086
-0.000141747
-4.45425e-05
-0.000193327
0.000112847
-5.62273e-07
-0.000160091
5.56757e-05
-0.000166648
0.000119271
-0.000172766
0.000166494
-0.000152738
0.000187853
-0.000123118
0.000190198
-9.38819e-05
0.00016387
-5.67467e-05
9.19721e-05
-3.61645e-06
-1.86729e-05
4.27645e-05
-8.85171e-05
1.81665e-05
-5.19383e-05
-7.7462e-05
-4.69385e-05
-0.000254546
0.000108157
7.66447e-06
-0.000214694
6.9312e-05
-0.000228295
0.000129084
-0.000232538
0.000171877
-0.00019553
0.00018258
-0.000133821
0.000177213
-8.8515e-05
0.000153883
-3.34168e-05
7.84259e-05
7.1841e-05
-3.93322e-05
0.000160523
-9.90566e-05
7.78909e-05
-6.29512e-05
-8.80437e-05
-5.01805e-05
-0.000308065
0.000103699
8.98977e-06
-0.000273864
7.35307e-05
-0.000292836
0.000128515
-0.000287522
0.000169102
-0.000236117
0.000178625
-0.000143344
0.000163849
-7.3739e-05
0.000123683
6.74947e-06
6.8319e-05
0.000127205
3.28303e-06
0.000225559
-6.13722e-05
0.000142546
-3.98177e-05
-8.45057e-05
-3.40009e-05
8.16896e-05
-0.000355754
1.99004e-05
-0.000327765
7.81866e-05
-0.000351122
0.000124238
-0.000333573
0.000160791
-0.000272671
0.000167608
-0.000150161
0.000155762
-6.18926e-05
0.000119235
4.32761e-05
6.42877e-05
0.000182153
-4.30234e-06
0.000294149
-6.15998e-05
0.000199844
-5.53867e-05
-4.60308e-05
-3.15065e-05
-0.000103986
-1.13316e-05
-8.52832e-05
1.91955e-06
-9.80261e-05
4.1134e-06
-0.00011703
-4.83696e-06
-0.000107767
-6.96755e-07
-9.94138e-05
6.09915e-05
-0.000137913
0.000106875
-6.94226e-05
6.81467e-05
0.000172891
2.32247e-05
0.000354122
6.26833e-06
0.000525314
0.000849667
1.81186e-07
-5.5734e-05
-0.000136295
-2.79861e-05
-0.000113031
-1.67416e-05
-0.000109271
-2.04293e-05
-0.000113342
-4.14825e-05
-8.67143e-05
-5.7697e-05
-8.31992e-05
-5.37402e-05
-0.00014187
4.1623e-06
-0.000127325
3.66454e-05
0.000140408
1.5904e-05
0.000374863
1.81347e-05
0.000523083
0.000837929
2.98725e-05
-5.63867e-05
-0.000164414
-1.97462e-05
-0.000149671
-1.5783e-05
-0.000113234
-2.20816e-05
-0.000107044
-3.68506e-05
-7.19453e-05
-7.13537e-05
-4.86961e-05
-0.000102361
-0.000110862
-7.88911e-05
-0.000150795
-1.99879e-05
8.15046e-05
5.2032e-06
0.000349672
8.94121e-06
0.000519345
0.00082053
2.63404e-05
-1.91771e-05
-0.000200624
1.19315e-05
-0.00018078
-1.06138e-06
-0.000100241
-2.70762e-05
-8.10287e-05
-3.73576e-05
-6.16639e-05
-6.60787e-05
-1.9975e-05
-0.000124793
-5.21483e-05
-0.000170219
-0.000105368
-8.70165e-05
-1.69832e-06
-5.90134e-06
0.000268557
-1.72503e-06
0.000515169
3.87043e-05
0.000780101
5.17308e-06
0.0006937
1.84228e-05
0.000477458
-7.33062e-07
0.000253471
3.7342e-06
0.000110228
2.58817e-05
8.22761e-06
3.35364e-05
-8.14529e-05
2.98316e-05
-0.000129235
1.72722e-05
-0.000183183
5.37919e-05
-0.000262515
0.000217828
-0.000524537
0.000289662
-0.000546944
-0.000387807
0.000246455
5.43258e-05
0.000669247
9.04605e-05
0.000441323
0.000107036
0.000236896
0.000130332
8.69319e-05
0.00012842
1.01397e-05
8.8177e-05
-4.12097e-05
5.88325e-05
-9.98906e-05
2.77755e-05
-0.000152126
6.31922e-05
-0.000297931
0.000174658
-0.000636002
0.000173927
-0.000546212
-0.000348641
0.000134761
6.13537e-05
0.000634234
9.87471e-05
0.00040393
0.000121387
0.000214256
0.000133525
7.47946e-05
0.000102208
4.14558e-05
7.95655e-05
-1.85668e-05
7.50035e-05
-9.53286e-05
5.89976e-05
-0.00013612
8.88414e-05
-0.000327775
0.000146152
-0.000693313
0.000127907
-0.000527967
-0.000326422
0.000105688
7.63178e-05
0.00059662
0.00010554
0.000374707
0.000112108
0.000207688
7.61887e-05
0.000110713
4.22689e-05
7.53756e-05
4.63518e-05
-2.26498e-05
4.68211e-05
-9.57979e-05
5.09443e-05
-0.000140244
0.000100336
-0.000377166
0.000121107
-0.000714085
7.55289e-05
-0.000482389
4.21797e-05
-0.000293073
0.000192102
-0.000252382
0.000136552
-0.000178117
0.000120206
-0.000171749
0.000127991
-0.000171318
0.000160944
-0.00016817
0.000183532
-0.00014361
0.000143256
-3.86211e-05
0.000110278
-2.08074e-05
9.20399e-05
2.80022e-05
0.000147299
1.77613e-05
0.000198739
0.000120795
0.000421589
0.000196086
0.000116928
-0.000234549
8.94986e-05
-0.000150688
0.000100081
-0.000182331
0.000110709
-0.000181947
0.000143821
-0.000201282
0.000172605
-0.000172393
0.000129568
4.41564e-06
7.60363e-05
3.27244e-05
5.82598e-05
4.57786e-05
0.000147279
-7.12582e-05
0.000209339
5.87351e-05
0.000423133
0.000207794
9.53722e-05
-0.000224233
6.13354e-05
-0.000116651
6.33848e-05
-0.000184381
5.83439e-05
-0.000176906
8.62907e-05
-0.000229229
0.00012589
-0.000211992
0.00011397
1.63353e-05
6.3059e-05
8.36357e-05
4.11704e-05
6.76673e-05
0.000161666
-0.000191754
0.000228086
-7.68428e-06
0.000445451
0.000205769
2.11695e-05
-0.000203223
2.57994e-05
-0.000121281
4.00637e-05
-0.000198645
3.96932e-05
-0.000176536
6.10128e-05
-0.000250548
8.287e-05
-0.00023385
9.65274e-05
2.67791e-06
6.29044e-05
0.000117259
2.81897e-05
0.000102382
0.000107683
-0.000271248
0.000182165
-8.21661e-05
0.000186733
0.000440883
0.000190472
0.000516083
0.000186524
0.000538176
0.000187016
0.000498162
0.000188316
0.000441444
0.000192461
0.000374621
0.000174681
0.000312736
0.000112036
0.000303731
-6.59634e-06
0.000360543
-0.000130441
0.000409743
-0.000154168
0.000321805
-7.76446e-05
6.0755e-05
-9.43213e-05
-2.7444e-05
0.000212985
0.000510893
0.000209862
0.000541298
0.000200962
0.000507062
0.000197288
0.000445118
0.000181112
0.000390796
0.000100934
0.000392915
-4.868e-05
0.000453345
-0.000164856
0.000476719
-0.000180709
0.000425597
-9.66769e-05
0.000237773
-5.07229e-05
1.4801e-05
-8.60877e-05
-5.89565e-05
0.000205824
0.000510837
0.000198192
0.000548931
0.000187423
0.000517831
0.000159576
0.000472966
4.15873e-05
0.000508784
-0.000136545
0.000571047
-0.000229608
0.000546407
-0.000217608
0.000464718
-0.000145562
0.000353552
-7.12547e-05
0.000163465
-3.91121e-05
-1.73416e-05
-8.3444e-05
-4.17558e-05
0.000171923
0.000525647
0.000142366
0.000578488
9.44166e-05
0.00056578
-3.88365e-05
0.000606219
-0.000216494
0.000686442
-0.000291024
0.000645577
-0.000249282
0.000504665
-0.000156411
0.000371847
-7.21601e-05
0.000269301
-3.47241e-05
0.000126029
-2.5799e-05
-2.62667e-05
-3.16096e-05
-7.76335e-05
-1.35128e-05
-0.000197024
-1.31067e-05
-0.000231834
-1.74348e-05
-0.00026908
-4.60652e-05
-0.000285866
-6.82666e-05
-0.000362019
-8.0258e-05
-0.000398695
-0.000103423
-0.00038479
-0.000124691
-0.000339957
-0.000114776
-0.000327795
-8.49526e-05
-0.00028514
-7.37131e-05
-0.000156675
7.44941e-05
-6.46993e-05
-6.63253e-05
-0.000189655
-6.17127e-05
-0.000236447
-6.47206e-05
-0.000266072
-8.92129e-05
-0.000261373
-9.40656e-05
-0.000357166
-9.50012e-05
-0.000397759
-0.000106298
-0.000373494
-0.000117569
-0.000328685
-0.000113535
-0.000331829
-0.000100116
-0.000298559
-6.80706e-05
-0.000188721
3.61568e-05
-2.97333e-05
-4.70222e-05
-0.000184389
-5.36809e-05
-0.000229788
-6.67508e-05
-0.000253002
-9.0654e-05
-0.00023747
-9.85144e-05
-0.000349305
-9.62294e-05
-0.000400044
-0.000102776
-0.000366947
-0.00011319
-0.000318272
-0.000112512
-0.000332507
-0.000104066
-0.000307005
-8.08921e-05
-0.000211895
-1.59939e-06
-4.31358e-05
-4.26969e-05
-0.000173302
-5.2333e-05
-0.000220152
-7.25469e-05
-0.000232788
-9.86805e-05
-0.000211337
-0.000101604
-0.000346382
-9.96886e-05
-0.00040196
-0.000107739
-0.000358897
-0.000119903
-0.000306107
-0.000125525
-0.000326885
-0.000122648
-0.000309882
-0.000108743
-0.0002258
-6.6505e-05
-4.38375e-05
-4.88686e-05
8.60436e-05
-4.54648e-05
0.000150413
-4.5515e-05
0.000209277
-6.31887e-05
0.000276734
-0.000120211
0.000356421
-0.000184765
0.000408066
-0.00022676
0.000403164
-0.000254129
0.000374266
-0.000244795
0.00030007
-0.000192222
0.000205297
-0.000137093
0.000137632
0.000109441
-0.000104633
-2.30666e-05
7.93769e-05
-3.76588e-05
0.000165005
-6.09478e-05
0.000232566
-0.000120091
0.000335878
-0.00019427
0.000430599
-0.0002334
0.000447197
-0.000244599
0.000414363
-0.000212651
0.000342318
-0.000148982
0.000236402
-9.88608e-05
0.000155175
-6.76165e-05
0.000106388
0.000105466
-6.36418e-05
-3.7451e-05
7.36921e-05
-6.42442e-05
0.000191799
-0.000105503
0.000273826
-0.00016338
0.000393755
-0.000202745
0.000469963
-0.000215258
0.00045971
-0.000197809
0.000396915
-0.000154684
0.000299193
-0.000128031
0.000209748
-0.000111658
0.000138803
-0.000102849
9.75789e-05
9.36885e-05
-9.10714e-05
-4.7034e-05
5.4221e-05
-9.02902e-05
0.000235055
-0.000144587
0.000328122
-0.000174391
0.000423559
-0.000180628
0.0004762
-0.000167238
0.00044632
-0.000150183
0.00037986
-0.000152077
0.000301087
-0.000166412
0.000224084
-0.000173274
0.000145664
-0.000162184
8.64889e-05
-0.000125163
5.66674e-05
-0.00014159
9.5552e-05
-0.000248612
0.000122039
-0.00031346
6.00731e-05
-0.000259729
-0.000121935
-0.0001639
-0.000304669
-0.000158106
-0.000361666
-0.000194374
-0.000410568
-0.000218418
-0.000468554
-0.000227807
-0.000446111
-0.000217701
-0.000399395
-0.000184148
-0.000287639
-0.000213047
-0.000124485
0.000156395
-0.000224452
0.000222006
-0.000274067
0.000109687
-0.000234653
-0.000161349
-0.000167996
-0.000371325
-0.000161042
-0.000368621
-0.000188363
-0.000383247
-0.000216426
-0.000440491
-0.000225983
-0.000436555
-0.000213246
-0.000412132
-0.00017257
-0.000328315
-0.00027746
-9.52149e-05
0.000160539
-0.000136525
0.000263316
-0.000199975
0.000173137
-0.000202375
-0.000158948
-0.00015893
-0.000414771
-0.000162167
-0.000365383
-0.000178203
-0.00036721
-0.000191471
-0.000427223
-0.000192821
-0.000435205
-0.000178515
-0.000426438
-0.000150642
-0.000356188
-0.000324403
-0.000107899
0.000143274
-0.000134665
0.000290082
-0.000185932
0.000224405
-0.000176684
-0.000168196
-0.000148383
-0.000443072
-0.00016287
-0.000350896
-0.000178365
-0.000351715
-0.000189213
-0.000416376
-0.000183709
-0.000440709
-0.000161879
-0.000448268
-0.000127514
-0.000390554
-0.000370227
-3.62762e-05
-0.000397327
7.78497e-05
1.58442e-05
-0.000379886
7.28837e-05
-0.000408162
0.000116432
-0.000377121
0.000149006
-0.000305245
0.000149198
-0.000150354
0.000132298
-4.49925e-05
9.18949e-05
8.36795e-05
5.54531e-05
0.000218594
1.04e-05
0.000339202
-9.38486e-06
0.000219628
-5.54156e-05
-3.071e-05
-0.000435652
6.90353e-05
1.63161e-05
-0.000426912
6.80695e-05
-0.000459915
0.000107953
-0.000417005
0.000134336
-0.000331629
0.000126138
-0.000142155
0.000109898
-2.87522e-05
6.95158e-05
0.000124061
3.74781e-05
0.000250632
1.40626e-05
0.000362617
7.25595e-06
0.000226435
-4.81597e-05
-3.23647e-05
-0.000469225
6.59372e-05
8.72443e-06
-0.000468001
5.34668e-05
-0.000504657
8.73699e-05
-0.000450908
0.000104907
-0.000349166
7.64206e-05
-0.000113669
5.60935e-05
-8.42513e-06
3.77848e-05
0.00014237
2.6931e-05
0.000261486
3.20115e-05
0.000357537
3.3184e-05
0.000225263
-1.49757e-05
-3.17123e-05
-0.000499545
6.20319e-05
2.28926e-06
-0.000502003
3.7109e-05
-0.000539477
6.13648e-05
-0.000475164
7.07667e-05
-0.000358568
2.60604e-05
-6.89622e-05
9.32193e-06
8.31332e-06
1.48213e-05
0.000136871
1.63663e-05
0.000259941
4.24101e-05
0.000331493
6.79351e-05
0.000199738
5.29594e-05
-3.27062e-05
-0.000526065
5.92268e-05
-9.42421e-06
-0.000525284
1.07561e-05
-0.000559658
1.40266e-05
-0.000478434
1.65566e-05
-0.000361098
-2.5071e-05
-2.73347e-05
-4.50085e-05
2.82508e-05
-1.74675e-05
0.00010933
7.54483e-06
0.000234929
4.75598e-05
0.000291478
7.09646e-05
0.000176333
0.000123924
-3.26769e-05
-0.000550093
5.6705e-05
-1.637e-05
-0.000541591
-1.2213e-05
-0.000563815
-3.94101e-05
-0.000451237
-4.02949e-05
-0.000360213
-6.04738e-05
-7.15579e-06
-8.90111e-05
5.67882e-05
-5.69341e-05
7.72527e-05
3.05789e-06
0.000174937
5.3436e-05
0.0002411
6.30092e-05
0.00016676
0.000186933
-3.35994e-05
-0.000569752
5.32585e-05
-2.19314e-05
-0.000553259
-3.29792e-05
-0.000552767
-8.20053e-05
-0.000402211
-7.75203e-05
-0.000364698
-7.5546e-05
-9.1301e-06
-0.000102543
8.37851e-05
-9.13704e-05
6.60801e-05
-1.98935e-05
0.00010346
4.66601e-05
0.000174546
4.07327e-05
0.000172687
0.000227666
-3.14136e-05
-0.000586839
4.85002e-05
-1.95969e-05
-0.000565076
-3.18345e-05
-0.000540529
-0.000100589
-0.000333456
-0.00012792
-0.000337367
-0.000119317
-1.77332e-05
-0.00011912
8.35886e-05
-0.000105013
5.19733e-05
-4.84574e-05
4.69036e-05
3.69504e-06
0.000122394
7.16648e-06
0.000169215
0.000234832
-2.78981e-05
-0.000602647
4.37062e-05
-1.35486e-05
-0.000579426
-1.79142e-05
-0.000536163
-0.000121705
-0.000229666
-0.000217462
-0.00024161
-0.000201722
-3.34732e-05
-0.000154699
3.65655e-05
-0.000121582
1.88564e-05
-7.74134e-05
2.73527e-06
-3.32588e-05
7.82391e-05
-1.49003e-05
0.000150857
0.000219932
-2.26128e-05
-0.000618056
3.80215e-05
-6.84958e-06
-0.000595189
-3.88094e-06
-0.000539132
-0.000112356
-0.00012119
-0.000236973
-0.000116994
-0.000254621
-1.58249e-05
-0.000236348
1.82926e-05
-0.000222833
5.34159e-06
-0.000196732
-2.33655e-05
-0.000126059
7.56554e-06
-6.60145e-05
9.08126e-05
0.000153918
-1.74354e-05
-0.00063309
3.24694e-05
-2.4404e-06
-0.000610184
-2.13182e-06
-0.000539441
-7.82394e-05
-4.50826e-05
-0.000175314
-1.99194e-05
-0.000208263
1.71237e-05
-0.0002027
1.27302e-05
-0.000205276
7.91724e-06
-0.000222115
-6.5259e-06
-0.000205288
-9.26188e-06
-0.000122448
7.97248e-06
3.14698e-05
-1.25449e-05
2.75667e-05
-0.000648112
1.77708e-06
-0.000624506
3.57632e-06
-0.00054124
-4.15062e-05
-6.14256e-05
-4.43019e-05
-3.15717e-05
-2.36545e-05
-3.01804e-05
-3.94423e-05
-3.14698e-05
2.28498e-05
-0.000223474
3.5767e-05
-0.000193697
3.16054e-05
-9.60793e-05
2.24267e-06
-5.1666e-05
-1.06139e-05
-4.88073e-05
-3.8774e-05
8.18513e-06
-0.000118941
2.80185e-05
-0.000206996
-1.73129e-05
-0.000161597
-4.70977e-05
-6.64656e-05
0.000173426
-1.90092e-05
0.000467712
0.000717678
4.34136e-05
3.12489e-05
-0.000254723
3.2451e-05
-0.000194899
2.92365e-05
-9.28648e-05
6.85498e-07
-2.3115e-05
-2.72082e-05
-2.09135e-05
-4.10138e-05
2.19907e-05
-7.43028e-05
6.13075e-05
-0.000144389
5.27736e-05
-0.000204832
1.33446e-05
-0.000128964
9.75585e-05
-1.91292e-05
0.000357877
0.00064678
5.17693e-05
3.15194e-05
-0.000286242
2.26565e-05
-0.000186036
3.39813e-06
-7.36064e-05
-1.84063e-05
-1.3106e-06
-3.5349e-05
-3.97077e-06
-2.89307e-05
1.55724e-05
-3.99714e-05
7.23483e-05
-8.14061e-05
9.42082e-05
-0.000152596
8.4534e-05
-0.000148643
9.36062e-05
-6.09433e-05
0.000270177
0.000557305
2.85317e-05
2.60486e-05
-0.000312291
1.2118e-05
-0.000172106
-1.74327e-05
-4.40557e-05
-4.18883e-05
2.3145e-05
-4.98605e-05
4.00137e-06
-4.08323e-05
6.5442e-06
-2.70873e-05
5.86032e-05
-3.61827e-05
0.000103304
-6.64659e-05
0.000114817
-0.000102309
0.00012945
-6.72146e-05
0.000235082
0.000462759
2.73314e-05
2.2739e-05
-0.00033503
1.42524e-05
-0.000163619
-3.08348e-06
-2.67198e-05
-2.34302e-05
4.34918e-05
-3.93762e-05
1.99473e-05
-4.1886e-05
9.05401e-06
-2.62764e-05
4.29936e-05
-1.34929e-05
9.05201e-05
-2.93126e-05
0.000130637
-6.11831e-05
0.00016132
-4.76805e-05
0.00022158
0.000375934
3.91443e-05
1.32847e-05
-0.000348314
4.16814e-07
-0.000150751
-1.6632e-05
-9.67097e-06
-2.91555e-05
5.60152e-05
-4.14684e-05
3.22602e-05
-5.31991e-05
2.07846e-05
-4.45255e-05
3.43201e-05
-1.28189e-05
5.88134e-05
1.12399e-07
0.000117706
-2.07258e-05
0.000182158
-1.90669e-05
0.000219921
0.000319168
3.76988e-05
-4.60897e-06
-0.000343705
-1.81663e-05
-0.000137194
-1.98861e-05
-7.95119e-06
-2.34697e-05
5.95988e-05
-3.15448e-05
4.03353e-05
-3.59752e-05
2.5215e-05
-2.9092e-05
2.7437e-05
-8.15307e-06
3.78745e-05
1.68903e-05
9.26623e-05
2.07736e-05
0.000178275
1.88131e-05
0.000221881
0.0002866
5.13811e-05
-5.16522e-05
-0.000292053
-7.32411e-05
-0.000115605
-6.18248e-05
-1.93675e-05
-5.44613e-05
5.22353e-05
-5.59421e-05
4.18161e-05
-4.71953e-05
1.64682e-05
-3.04116e-05
1.06533e-05
-1.36862e-05
2.11491e-05
5.86162e-06
7.31145e-05
3.46026e-05
0.000149534
5.81912e-05
0.000198293
0.000254702
9.00896e-05
-8.51896e-05
-0.000206863
-0.00010706
-9.37351e-05
-8.85093e-05
-3.79178e-05
-6.58969e-05
2.96229e-05
-6.75708e-05
4.349e-05
-7.35601e-05
2.24575e-05
-7.25995e-05
9.69273e-06
-6.84742e-05
1.70238e-05
-4.44354e-05
4.90757e-05
1.05768e-05
9.4522e-05
7.29115e-05
0.000135958
0.000182156
0.000145457
-9.85287e-05
-0.000108335
-0.000121983
-7.0281e-05
-0.000107311
-5.25898e-05
-7.80003e-05
3.12322e-07
-6.26752e-05
2.81649e-05
-7.40918e-05
3.38741e-05
-9.83227e-05
3.39236e-05
-0.0001104
2.91014e-05
-8.44096e-05
2.30849e-05
-3.19285e-05
4.20409e-05
4.33075e-05
6.07222e-05
6.8699e-05
0.000156765
-9.89027e-05
-9.43211e-06
-0.000131669
-3.75146e-05
-0.000135437
-4.88214e-05
-0.000110459
-2.46657e-05
-7.84402e-05
-3.85425e-06
-6.2562e-05
1.79959e-05
-5.96221e-05
3.09837e-05
-5.87019e-05
2.81813e-05
-5.31036e-05
1.74866e-05
-3.10262e-05
1.99635e-05
5.97829e-06
2.37177e-05
2.80068e-05
4.66705e-05
-9.43211e-06
-4.69468e-05
-9.57682e-05
-0.000120434
-0.000124288
-0.000106292
-7.53085e-05
-4.71272e-05
-2.96407e-05
-9.6772e-06
1.40405e-05
4.20473e-05
6.51269e-05
0.000574907
7.90185e-05
0.000360815
8.70096e-05
0.000199697
5.94684e-05
0.000138255
5.3715e-05
8.1129e-05
6.38173e-05
-3.27521e-05
3.82547e-05
-7.02353e-05
5.26803e-05
-0.000154669
0.000115331
-0.000439817
0.000104697
-0.000703451
3.54245e-05
-0.000413116
-0.000257649
6.59565e-05
0.00056072
7.10932e-05
0.000355679
6.92869e-05
0.000201504
4.7869e-05
0.000159672
4.54813e-05
8.35167e-05
4.67964e-05
-3.40672e-05
3.84073e-05
-6.18461e-05
7.12828e-05
-0.000187545
0.000128598
-0.000497132
0.000105605
-0.000680458
3.0464e-05
-0.000337975
-0.000227185
6.34603e-05
0.000525791
6.88274e-05
0.000350311
5.60745e-05
0.000214257
4.3105e-05
0.000172642
4.58281e-05
8.07936e-05
4.27436e-05
-3.09827e-05
6.69138e-05
-8.60163e-05
0.000123615
-0.000244246
0.000146137
-0.000519655
7.72631e-05
-0.000611583
1.29906e-05
-0.000273703
-0.000214194
7.39752e-05
0.000479147
7.48382e-05
0.000349448
5.3279e-05
0.000235816
4.89714e-05
0.000176949
7.24062e-05
5.73589e-05
9.44766e-05
-5.30532e-05
0.000140006
-0.000131545
0.000180476
-0.000284716
0.000160359
-0.000499538
6.08423e-05
-0.000512066
7.66345e-06
-0.000220524
-0.000206531
8.50987e-05
0.000433193
8.2987e-05
0.00035156
6.39742e-05
0.000254829
7.49596e-05
0.000165964
0.000143226
-1.0908e-05
0.000204325
-0.000114151
0.000236567
-0.000163787
0.000226032
-0.000274182
0.000157798
-0.000431304
3.8605e-05
-0.000392874
2.77647e-06
-0.000184695
-0.000203754
9.06536e-05
0.000380238
9.75476e-05
0.000344666
9.72527e-05
0.000255124
0.000164652
9.85646e-05
0.000271421
-0.000117677
0.000310102
-0.000152832
0.00030244
-0.000156126
0.000245941
-0.000217683
0.000136154
-0.000321517
1.97301e-05
-0.00027645
2.78734e-06
-0.000167752
-0.000200967
0.000103437
0.000328182
0.000128746
0.000319357
0.000175219
0.000208651
0.000284498
-1.07143e-05
0.000351864
-0.000185043
0.000348768
-0.000149736
0.000313156
-0.000120514
0.000235855
-0.000140381
0.000122316
-0.000207978
2.6232e-05
-0.000180366
1.06634e-05
-0.000152184
-0.000190303
0.000136915
0.000281357
0.000193615
0.000262658
0.000296075
0.000106191
0.000386818
-0.000101458
0.000391609
-0.000189834
0.000364828
-0.000122954
0.000315579
-7.12658e-05
0.000231448
-5.62491e-05
0.000112055
-8.85849e-05
4.36918e-05
-0.000112003
2.31475e-05
-0.00013164
-0.000167156
0.000222702
0.000204112
0.000327316
0.000158043
0.00042391
9.59699e-06
0.000431557
-0.000109105
0.000376636
-0.000134914
0.000315102
-6.14196e-05
0.000241818
2.01773e-06
0.000174789
1.078e-05
0.000114997
-2.87925e-05
7.29084e-05
-6.99147e-05
3.89666e-05
-9.76977e-05
-0.000128189
0.000309003
5.18738e-05
0.000438441
2.86051e-05
0.000444119
3.91914e-06
0.000349274
-1.42599e-05
0.000235492
-2.11314e-05
0.000171272
2.79986e-06
0.000151894
2.13958e-05
0.000147974
1.46996e-05
0.00013628
-1.70982e-05
0.000108492
-4.21269e-05
5.34837e-05
-4.26891e-05
-7.47056e-05
7.32683e-05
2.5276e-05
7.99615e-05
2.1912e-05
7.58335e-05
8.04712e-06
7.00135e-05
-8.43985e-06
7.47726e-05
-2.58905e-05
9.82955e-05
-2.07231e-05
0.000125305
-5.61322e-06
0.000139982
2.22954e-08
0.000116553
6.33067e-06
7.40126e-05
4.13458e-07
3.90305e-05
-7.70704e-06
-3.56751e-05
6.73233e-05
8.92353e-05
9.72824e-05
8.88425e-05
6.2952e-05
4.2229e-05
3.66157e-05
3.6638e-05
4.29687e-05
4.33822e-05
3.56751e-05
-1.60751e-05
-0.000187148
2.27173e-05
-0.000160074
3.31012e-05
-0.000209029
3.72219e-05
-0.000180656
4.42869e-05
-0.000257613
5.47856e-05
-0.000244348
8.56258e-05
-2.81623e-05
4.85346e-05
0.00015435
-1.34762e-06
0.000152264
-6.14697e-06
-0.000266449
3.11894e-05
-0.000119503
0.000411038
6.10343e-05
-9.17509e-06
-0.000177973
1.75281e-05
-0.000186777
2.61149e-05
-0.000217616
3.39986e-05
-0.00018854
3.36147e-05
-0.000257229
4.23195e-05
-0.000253053
7.98936e-05
-6.57365e-05
4.43763e-05
0.000189867
-1.27176e-05
0.000209358
-0.000109085
-0.000170081
-0.000200378
-2.82093e-05
0.0004774
-0.000266741
-2.14048e-06
-0.000175832
1.34313e-05
-0.000202349
2.25466e-05
-0.000226731
3.55079e-05
-0.000201501
3.24437e-05
-0.000254165
4.16329e-05
-0.000262242
7.61192e-05
-0.000100223
3.16623e-05
0.000234324
-2.72647e-05
0.000268285
-0.000183943
-1.34026e-05
-0.000361747
0.000149594
0.000570342
-0.000454688
-7.41358e-07
-0.000175091
4.05873e-06
-0.000207149
1.1104e-05
-0.000233776
1.78564e-05
-0.000208254
6.26011e-06
-0.000242569
-5.86701e-07
-0.000255395
2.92584e-05
-0.000130068
1.68421e-05
0.00024674
-1.93829e-05
0.00030451
-0.00021777
0.000184985
-0.000430625
0.000362449
0.000637938
-0.000498221
-6.12166e-07
-0.000174479
-5.86692e-06
-0.000201894
-4.67786e-06
-0.000234965
-4.43982e-06
-0.000208492
-1.00886e-05
-0.00023692
-2.31699e-05
-0.000242314
4.99544e-06
-0.000158233
2.08623e-05
0.000230874
-3.69058e-05
0.000362278
-0.000239421
0.0003875
-0.000436514
0.000559542
0.000699096
-0.000497673
-7.53973e-06
-0.000166939
-2.16152e-05
-0.000187818
-2.41993e-05
-0.000232381
-2.91547e-05
-0.000203536
-3.28787e-05
-0.000233196
-3.00878e-05
-0.000245105
3.32088e-06
-0.000191642
1.53139e-05
0.00021888
-4.99342e-05
0.000427526
-0.000208444
0.00054601
-0.00037814
0.000729238
0.000759557
-0.000438601
-1.70856e-05
-0.000149853
-4.00584e-05
-0.000164846
-5.65789e-05
-0.000215861
-7.84783e-05
-0.000181637
-0.000102353
-0.000209321
-9.80395e-05
-0.000249419
-4.55242e-05
-0.000244157
-1.63725e-05
0.000189729
-6.18494e-05
0.000473003
-0.000167208
0.000651369
-0.00028758
0.00084961
0.000793981
-0.000322003
-2.7515e-05
-0.000122338
-6.27342e-05
-0.000129626
-0.000105443
-0.000173152
-0.000134356
-0.000152723
-0.000164322
-0.000179356
-0.000173157
-0.000240584
-0.000139371
-0.000277943
-6.69059e-05
0.000117264
-7.36714e-05
0.000479769
-0.000159502
0.000737199
-0.000228857
0.000918965
0.00078702
-0.000221897
-3.75081e-05
-8.48304e-05
-7.44287e-05
-9.27059e-05
-0.000139111
-0.000108471
-0.000176392
-0.000115442
-0.000216757
-0.000138991
-0.000251021
-0.00020632
-0.000237663
-0.000291301
-0.000123401
3.00168e-06
-8.72573e-05
0.000443625
-0.000161172
0.000811114
-0.000191093
0.000948886
0.000769841
-0.000173913
-4.45857e-05
-4.02447e-05
-7.97534e-05
-5.75382e-05
-0.000143379
-4.48447e-05
-0.000188443
-7.03785e-05
-0.000235597
-9.18368e-05
-0.000303625
-0.000138292
-0.000349112
-0.000245813
-0.000230449
-0.000115662
-0.000118852
0.000332028
-0.000146419
0.000838681
-0.000163536
0.000966004
0.000764386
-0.000158081
-3.6075e-05
-4.16968e-06
-6.65126e-05
-2.71006e-05
-8.06315e-05
-3.07258e-05
-0.00013134
-1.96699e-05
-0.000214279
-8.89739e-06
-0.00030634
-4.62312e-05
-0.000402407
-0.000149746
-0.000381823
-0.000136246
-0.000204986
0.000155191
-0.000129719
0.000763415
-0.000141968
0.000978253
0.000771245
-0.000148827
-4.16968e-06
-3.12703e-05
-6.19961e-05
-8.1666e-05
-9.05634e-05
-0.000136795
-0.000286541
-0.000422787
-0.000267596
-0.000124081
0.000619899
-0.000125479
0.00097965
-0.000138786
0.000784552
2.09856e-05
0.000565696
-6.68454e-05
0.000666319
-0.00019693
0.000695864
-0.000311887
0.000721176
-0.000349763
0.000724318
-0.000293924
0.000589738
-0.000179999
0.00039074
-8.92023e-05
0.00028105
-5.17148e-05
0.000231814
-3.151e-05
0.000105825
-1.16716e-05
-4.61051e-05
-8.9305e-05
-0.000327373
0.000626328
-0.000380126
0.000719072
-0.00041244
0.000728178
-0.000395624
0.00070436
-0.000334695
0.00066339
-0.000200577
0.00045562
-9.93303e-05
0.000289493
-7.23227e-05
0.000254043
-4.92013e-05
0.000208692
-2.77202e-05
8.43435e-05
-1.46104e-05
-5.9215e-05
-0.000103915
-0.000489094
0.000660733
-0.000477706
0.000707684
-0.000437836
0.000688308
-0.000362943
0.000629468
-0.000229545
0.000529991
-0.000103398
0.000329473
-7.38082e-05
0.000259904
-6.63791e-05
0.000246614
-4.45354e-05
0.000186849
-2.47793e-05
6.45874e-05
-1.10692e-05
-7.29251e-05
-0.000114985
-0.000504994
0.000667506
-0.000465243
0.000667933
-0.000374011
0.000597075
-0.000233429
0.000488887
-0.000116996
0.000413557
-6.93775e-05
0.000281855
-6.82249e-05
0.000258751
-5.2789e-05
0.000231178
-2.80576e-05
0.000162117
-1.80138e-05
5.45436e-05
-1.0812e-05
-8.01269e-05
-0.000125797
-0.000481606
0.000651439
-0.000371135
0.000557462
-0.000229133
0.000455073
-0.000126184
0.000385938
-7.56565e-05
0.00036303
-6.59628e-05
0.000272161
-6.76928e-05
0.000260481
-3.62273e-05
0.000199712
-9.64652e-06
0.000135537
-7.2824e-06
5.21795e-05
-5.34868e-06
-8.20606e-05
-0.000131145
-0.000367459
0.000580297
-0.000229999
0.000420001
-0.000150944
0.000376018
-0.0001057
0.000340695
-7.47261e-05
0.000332055
-6.85465e-05
0.000265981
-4.91286e-05
0.000241063
-5.68751e-06
0.000156271
4.57666e-06
0.000125272
9.19231e-07
5.58369e-05
-2.48383e-06
-7.86576e-05
-0.000133629
-0.000246326
0.00050462
-0.000170978
0.000344653
-0.000156309
0.000361349
-0.000129613
0.000313999
-0.000100666
0.000303109
-7.83308e-05
0.000243646
-3.85462e-05
0.000201279
2.18536e-06
0.00011554
7.82718e-06
0.000119631
1.17853e-05
5.18788e-05
6.31e-06
-7.31823e-05
-0.000127319
-0.000188463
0.000471186
-0.00018627
0.00034246
-0.000232033
0.000407113
-0.000246269
0.000328234
-0.000198914
0.000255754
-0.000108393
0.000153124
-3.10576e-05
0.000123944
-1.17566e-06
8.56577e-05
7.17427e-06
0.000111281
1.78179e-05
4.12352e-05
1.11161e-05
-6.64805e-05
-0.000116203
-0.00019467
0.000491943
-0.00028337
0.00043116
-0.000380849
0.000504593
-0.000324241
0.000271626
-0.000194299
0.000125812
-9.51309e-05
5.3956e-05
-3.14006e-05
6.02133e-05
-1.16297e-05
6.58868e-05
1.13474e-05
8.83035e-05
3.23476e-05
2.02351e-05
2.01284e-05
-5.42614e-05
-9.60746e-05
-0.000207427
0.000541288
-0.00029016
0.000513893
-0.000252067
0.0004665
-9.86091e-05
0.000118169
-2.74431e-05
5.46464e-05
-1.53849e-05
4.18978e-05
-1.10378e-05
5.58662e-05
-8.04261e-06
6.28917e-05
2.61371e-05
5.41238e-05
4.31239e-05
3.2482e-06
2.37579e-05
-3.48954e-05
-7.23167e-05
-0.000203547
0.000596007
-0.000219477
0.000529824
-0.000140306
0.000387328
-7.35406e-05
5.14035e-05
-5.4411e-05
3.55168e-05
-3.24503e-05
1.99371e-05
-7.06758e-06
3.04835e-05
1.74242e-05
3.83999e-05
4.3281e-05
2.8267e-05
4.74701e-05
-9.4089e-07
3.10672e-05
-1.84924e-05
-4.12495e-05
-0.000182754
0.000639975
-0.000169924
0.000516994
-0.000143325
0.000360729
-9.19215e-05
-5.64047e-05
-3.64676e-05
-5.98408e-06
3.24158e-05
6.06828e-05
5.97419e-05
4.12495e-05
-2.43163e-05
-0.000148985
-2.40879e-05
-0.00022038
-4.3245e-05
-0.000213631
-8.61568e-05
-0.000168425
-9.36676e-05
-0.000338871
-9.86989e-05
-0.000396929
-0.000114218
-0.000343377
-0.000133179
-0.000287147
-0.000145761
-0.000314303
-0.000143428
-0.000312215
-0.000126495
-0.000242733
-7.49629e-05
-9.53696e-05
-2.55912e-05
-0.000123394
-2.4433e-05
-0.000221538
-2.56769e-05
-0.000212387
-7.81879e-05
-0.000115914
-9.04947e-05
-0.000326564
-0.000110866
-0.000376557
-0.000141222
-0.000313021
-0.000167668
-0.000260701
-0.000189953
-0.000292019
-0.000194224
-0.000307943
-0.000161005
-0.000275952
-0.000136008
-9.99608e-05
-1.07073e-05
-0.000112687
-1.79396e-05
-0.000214306
-2.19899e-05
-0.000208337
-6.2247e-05
-7.56565e-05
-8.22041e-05
-0.000306607
-0.000114526
-0.000344235
-0.000148865
-0.000278683
-0.000178127
-0.000231438
-0.000208679
-0.000261467
-0.000224515
-0.000292107
-0.00020002
-0.000300448
-0.000210072
-0.000125955
1.04638e-06
-0.000113733
8.29462e-06
-0.000221554
-8.55046e-07
-0.000199187
-1.55218e-05
-6.09898e-05
-6.82741e-05
-0.000253855
-0.000121702
-0.000290807
-0.000168231
-0.000232153
-0.000206215
-0.000193454
-0.000249091
-0.00021859
-0.000280697
-0.000260501
-0.000278496
-0.000302649
-0.000262885
-0.000225683
7.64251e-06
-0.000121376
2.50664e-05
-0.000238978
2.93434e-05
-0.000203464
5.83693e-05
-9.00157e-05
-2.20197e-05
-0.000173466
-0.000102986
-0.000209841
-0.000160513
-0.000174627
-0.000205087
-0.00014888
-0.000253607
-0.000170071
-0.000306945
-0.000207163
-0.000347881
-0.000261713
-0.000259248
-0.000351517
9.77955e-06
-0.000131155
2.80774e-05
-0.000257276
3.36443e-05
-0.000209031
6.72609e-05
-0.000123632
-2.30708e-05
-8.31341e-05
-0.000116591
-0.000116321
-0.000173627
-0.00011759
-0.00022194
-0.000100567
-0.000270181
-0.00012183
-0.000324954
-0.00015239
-0.000392797
-0.000193871
-0.000189747
-0.000462298
1.21431e-05
-0.000143299
2.25647e-05
-0.000267698
2.63736e-05
-0.00021284
5.19345e-05
-0.000149193
-2.16371e-05
-9.56242e-06
-0.000110614
-2.7344e-05
-0.000158606
-6.95978e-05
-0.000193972
-6.52015e-05
-0.000244959
-7.08429e-05
-0.000316534
-8.08142e-05
-0.000398968
-0.000111437
-9.47855e-05
-0.000493929
1.91715e-06
-0.000145216
-8.80515e-06
-0.000256976
-2.47471e-05
-0.000196898
-5.27238e-05
-0.000121217
-9.47763e-05
3.24901e-05
-0.000149313
2.71928e-05
-0.000206102
-1.2809e-05
-0.000239591
-3.17126e-05
-0.000269098
-4.13353e-05
-0.000299152
-5.07603e-05
-0.000345438
-6.51517e-05
-3.5645e-05
-0.000404578
-2.79837e-05
-0.000117232
-8.36597e-05
-0.0002013
-0.000114864
-0.000165694
-0.000140896
-9.51842e-05
-0.000127149
1.8743e-05
-0.000131186
3.123e-05
-0.000143053
-9.41815e-07
-0.00015926
-1.55054e-05
-0.000186265
-1.43303e-05
-0.00022925
-7.77587e-06
-0.000289263
-5.13876e-06
9.46991e-06
-0.000334378
-5.79373e-05
-5.92947e-05
-0.000139317
-0.00011992
-0.00019924
-0.000105771
-0.000239966
-5.44574e-05
-0.000210726
-1.04972e-05
-0.000183905
4.40855e-06
-0.000192026
7.17956e-06
-0.000213322
5.79085e-06
-0.000238697
1.10445e-05
-0.000260904
1.44314e-05
-0.000281032
1.49893e-05
2.13531e-05
-0.000292916
-6.72717e-05
7.97706e-06
-0.000152033
-3.51585e-05
-0.000205711
-5.2093e-05
-0.000215367
-4.48021e-05
-0.000204795
-2.10693e-05
-0.000190294
-1.00924e-05
-0.000177928
-5.18642e-06
-0.000166275
-5.86166e-06
-0.000155416
1.85152e-07
-0.000151143
1.01582e-05
-0.000150932
1.47791e-05
1.7732e-05
-0.000147311
7.97706e-06
-2.71814e-05
-7.92744e-05
-0.000124077
-0.000145146
-0.000155238
-0.000160425
-0.000166286
-0.000166101
-0.000155943
-0.000141164
-0.000123432
-7.45178e-05
3.33693e-05
-0.00011097
0.000271507
-0.000161555
0.000378708
-0.000174085
0.000436089
-0.000164853
0.000466967
-0.000143634
0.000425101
-0.000140306
0.000376532
-0.000164558
0.000325339
-0.000187327
0.000246852
-0.000155518
0.000113856
-0.000102348
3.33188e-05
-4.56808e-05
-7.04185e-05
3.82699e-06
-0.000102507
0.000303595
-0.000149347
0.000425547
-0.00015832
0.000445063
-0.000136411
0.000445058
-0.000118821
0.000407511
-0.000127863
0.000385574
-0.000167284
0.00036476
-0.000181914
0.000261482
-0.000132813
6.47551e-05
-7.46646e-05
-2.48296e-05
-0.000120345
-7.64714e-05
-4.5657e-05
-0.000105002
0.000332125
-0.000151961
0.000472507
-0.000154159
0.000447261
-0.000120306
0.000411205
-0.000103196
0.000390401
-0.000116048
0.000398427
-0.000148875
0.000397587
-0.000123607
0.000236214
-9.11535e-05
3.23016e-05
-6.65415e-05
-4.94416e-05
-0.000186887
-0.000150069
-0.000121271
-0.000139145
0.000321201
-0.000173253
0.000506614
-0.000174156
0.000448164
-0.000146558
0.000383607
-0.00012444
0.000368284
-0.000120019
0.000394005
-0.000119026
0.000396595
-8.58465e-05
0.000203034
-7.37075e-05
2.01626e-05
-5.14379e-05
-7.17113e-05
-0.000238325
-0.000276704
-0.000196085
-0.00020456
0.000249058
-0.00020733
0.000509384
-0.000232566
0.0004734
-0.000234588
0.000385629
-0.000189596
0.000323291
-0.000133224
0.000337633
-8.6456e-05
0.000349827
-4.84213e-05
0.000164999
-4.39078e-05
1.56492e-05
-2.1702e-05
-9.3917e-05
-0.000260027
-0.000467286
-0.000191097
-0.000356801
0.000138573
-0.000296398
0.000448981
-0.000300933
0.000477935
-0.000273893
0.000358588
-0.000209333
0.000258731
-0.000135678
0.000263978
-6.7673e-05
0.000281822
-1.94536e-05
0.00011678
3.13838e-06
-6.94283e-06
1.45552e-05
-0.000105334
-0.000245472
-0.00057602
-0.000109007
-0.000512167
7.47198e-05
-0.000413364
0.000350179
-0.000343781
0.000408352
-0.000266808
0.000281615
-0.000193416
0.000185339
-0.000111149
0.000181711
-1.71795e-05
0.000187852
3.01809e-05
6.94194e-05
3.7192e-05
-1.39539e-05
3.31509e-05
-0.000101293
-0.000212321
-0.000493542
-2.00426e-05
-0.000509477
9.06547e-05
-0.000433487
0.000274189
-0.000330125
0.00030499
-0.000213872
0.000165361
-0.0001245
9.59676e-05
-5.26344e-05
0.000109846
2.67841e-05
0.000108434
5.83279e-05
3.78756e-05
5.38794e-05
-9.50538e-06
3.70745e-05
-8.44878e-05
-0.000175246
-0.000369829
1.5409e-05
-0.000355925
7.67506e-05
-0.00025773
0.000175994
-0.000126388
0.000173649
-4.55102e-05
8.4483e-05
-1.53537e-05
6.58111e-05
2.13729e-06
9.23548e-05
3.27955e-05
7.77759e-05
4.76159e-05
2.30552e-05
5.08333e-05
-1.27228e-05
4.05289e-05
-7.41834e-05
-0.000134717
-0.000298599
2.10925e-05
-0.000245678
2.38299e-05
-0.000107589
3.79046e-05
2.24178e-05
4.36418e-05
5.55439e-05
5.1357e-05
5.3031e-05
6.8324e-05
6.4357e-05
8.10288e-05
7.12792e-05
7.08537e-05
6.83228e-05
2.60116e-05
7.37452e-05
-1.81453e-05
5.3988e-05
-5.44262e-05
-8.07293e-05
-0.000141002
1.4783e-05
-0.000130418
1.32458e-05
-0.000107535
1.50222e-05
-7.95214e-05
1.56279e-05
-4.47451e-05
1.65807e-05
-2.0752e-06
2.56541e-05
2.82989e-05
5.06547e-05
5.54583e-05
4.36943e-05
8.31604e-05
-1.6905e-06
9.17519e-05
-2.67368e-05
5.28378e-05
-1.55121e-05
-2.78915e-05
-0.000108649
-9.5403e-05
-8.03808e-05
-6.47529e-05
-4.81722e-05
-2.25181e-05
2.81365e-05
7.18308e-05
7.01403e-05
4.34035e-05
2.78915e-05
-9.41283e-05
0.000237403
-0.000104791
0.000300745
-0.000128976
0.00024859
-0.00012371
-0.000173462
-0.000144279
-0.000422503
-0.000156281
-0.000338894
-0.00016582
-0.000342177
-0.000176713
-0.000405483
-0.000169632
-0.000447789
-0.000146659
-0.000471241
-0.000115994
-0.000421219
-0.000408371
-0.000133031
0.000370433
-0.000130109
0.000297823
-9.4049e-05
0.00021253
-7.08581e-05
-0.000196653
-0.000120319
-0.000373042
-0.000136611
-0.000322602
-0.000157282
-0.000321506
-0.000172078
-0.000390687
-0.000164856
-0.000455011
-0.000138793
-0.000497304
-0.000106056
-0.000453957
-0.000445391
-0.000148267
0.0005187
-0.000134772
0.000284328
-6.3935e-05
0.000141693
-4.90387e-05
-0.000211549
-0.000106759
-0.000315322
-0.000111795
-0.000317565
-0.000140481
-0.00029282
-0.000159809
-0.000371359
-0.000156356
-0.000458464
-0.00012858
-0.00052508
-9.79716e-05
-0.000484565
-0.000477426
-0.000111414
0.000630114
-4.37322e-05
0.000216646
2.96538e-05
6.83072e-05
-9.14767e-06
-0.000172748
-8.32707e-05
-0.000241199
-9.48263e-05
-0.00030601
-0.000123798
-0.000263849
-0.000147799
-0.000347358
-0.000154089
-0.000452174
-0.000124176
-0.000554994
-9.24061e-05
-0.000516334
-0.0005078
6.97926e-05
0.000560321
0.000133364
0.000153075
0.000115018
8.66527e-05
3.38312e-05
-9.15604e-05
-1.61825e-05
-0.000191185
-4.31531e-05
-0.000279039
-9.6088e-05
-0.000210914
-0.000133086
-0.000310359
-0.000146312
-0.000438948
-0.000116238
-0.000585068
-8.59923e-05
-0.00054658
-0.000534565
0.000168191
0.00039213
0.000160505
0.000160761
0.00012588
0.000121278
6.05888e-05
-2.62688e-05
2.49119e-05
-0.000155508
-1.5769e-05
-0.000238358
-7.68541e-05
-0.000149829
-0.000119454
-0.000267759
-0.000141926
-0.000416476
-0.000111806
-0.000615188
-8.07951e-05
-0.000577591
-0.000558656
0.000127549
0.000264581
0.000131569
0.000156741
0.000123814
0.000129032
9.2892e-05
4.65364e-06
6.70635e-05
-0.00012968
2.47222e-05
-0.000196017
-4.4389e-05
-8.07175e-05
-9.96853e-05
-0.000212463
-0.000130203
-0.000385959
-0.000104811
-0.000640579
-7.4702e-05
-0.0006077
-0.000580099
0.000108297
0.000156285
0.000113338
0.0001517
0.000122271
0.000120098
0.000109704
1.72212e-05
8.50243e-05
-0.000105
4.28435e-05
-0.000153836
-3.04087e-05
-7.46533e-06
-8.76402e-05
-0.000155232
-0.000120992
-0.000352607
-9.79809e-05
-0.000663591
-6.80143e-05
-0.000637666
-0.000599613
0.000106709
4.95762e-05
0.000116853
0.000141556
0.000138528
9.84232e-05
0.000142947
1.28022e-05
0.000115539
-7.75927e-05
7.23458e-05
-0.000110643
-8.81634e-06
7.36968e-05
-6.87133e-05
-9.53346e-05
-0.000105129
-0.000316191
-8.8456e-05
-0.000680264
-6.14145e-05
-0.000664708
-0.000617322
7.00522e-05
-2.04759e-05
0.000123066
8.85423e-05
0.000158551
6.29378e-05
0.000161627
9.72614e-06
0.00012771
-4.36756e-05
6.62952e-05
-4.92278e-05
3.59009e-05
0.000104091
1.53109e-06
-6.09647e-05
-8.91612e-05
-0.000225499
-7.80155e-05
-0.00069141
-5.45931e-05
-0.00068813
-0.000633893
3.12534e-05
-5.17293e-05
0.000124814
-5.0184e-06
0.000185916
1.83546e-06
0.000184213
1.14301e-05
0.000126362
1.41754e-05
5.55747e-05
2.15591e-05
7.58122e-05
8.38535e-05
4.0724e-05
-2.58765e-05
-7.35987e-05
-0.000111176
-6.56447e-05
-0.000699364
-4.86609e-05
-0.000705114
-0.000650085
-5.17293e-05
-5.67477e-05
-5.49123e-05
-4.34822e-05
-2.93068e-05
-7.74773e-06
7.61057e-05
5.02293e-05
-6.09466e-05
-5.45688e-05
-0.000705742
-4.31084e-05
-0.000716575
-0.000665626
-0.00064836
-2.68865e-05
2.71346e-05
-0.000648384
-2.39684e-05
2.39929e-05
-0.000649269
-1.78008e-05
1.86854e-05
-0.000649795
-1.56985e-05
1.62251e-05
-0.000650713
-1.11991e-05
1.21168e-05
-0.000651383
-9.62022e-06
1.02902e-05
-0.000652082
-6.65922e-06
7.35862e-06
-0.000652522
-5.67212e-06
6.11138e-06
-0.000652982
-3.77859e-06
4.23861e-06
-0.000653272
-3.07975e-06
3.36961e-06
-0.000653508
-2.03166e-06
2.26858e-06
-0.000653692
-1.58883e-06
1.77276e-06
-0.0006538
-1.01944e-06
1.12669e-06
-0.000653893
-7.51287e-07
8.44456e-07
-0.000653939
-5.01336e-07
5.47407e-07
-0.000653987
-3.46061e-07
3.94643e-07
-0.000654012
-2.34803e-07
2.59254e-07
-0.000654033
-1.55035e-07
1.75995e-07
-0.000654038
-9.31368e-08
9.78886e-08
-3.83445e-08
3.17e-08
-0.000627292
-2.41e-05
-0.000629753
-2.15077e-05
-0.000634042
-1.35117e-05
-0.000636924
-1.28171e-05
-0.000640337
-7.78572e-06
-0.000642742
-7.21571e-06
-0.000644892
-4.50867e-06
-0.000646586
-3.97802e-06
-0.000647802
-2.56248e-06
-0.000648869
-2.01277e-06
-0.000649536
-1.36511e-06
-0.000650148
-9.76928e-07
-0.000650485
-6.81912e-07
-0.000650778
-4.58494e-07
-0.000650947
-3.31891e-07
-0.000651072
-2.21302e-07
-0.000651149
-1.57756e-07
-0.000651199
-1.04928e-07
-0.000651228
-6.40886e-08
-3.77801e-08
-0.00056534
-0.000586848
-0.000600359
-0.000613176
-0.000620962
-0.000628178
-0.000632687
-0.000636665
-0.000639227
-0.00064124
-0.000642605
-0.000643582
-0.000644264
-0.000644722
-0.000645054
-0.000645275
-0.000645433
-0.000645538
-0.000645602
-0.000696687
-9.05492e-06
-0.000686617
-1.00697e-05
-0.000678419
-8.1976e-06
-0.000670905
-7.51446e-06
-0.000665068
-5.83668e-06
-0.000660272
-4.79672e-06
-0.000656352
-3.91983e-06
-0.000653488
-2.86351e-06
-0.000651156
-2.33256e-06
-0.000649514
-1.64204e-06
-0.000648267
-1.24688e-06
-0.000647403
-8.63949e-07
-0.000646775
-6.2807e-07
-0.000646359
-4.1625e-07
-0.000646072
-2.86828e-07
-0.00064588
-1.91303e-07
-0.000645758
-1.22239e-07
-0.000645682
-7.57004e-08
-0.000645645
-3.75791e-08
-4.86338e-09
-0.000700041
-2.55883e-05
-0.000688314
-2.1797e-05
-0.000679168
-1.73438e-05
-0.00067187
-1.48122e-05
-0.000666748
-1.09583e-05
-0.000662203
-9.34212e-06
-0.000659401
-6.72205e-06
-0.00065682
-5.44424e-06
-0.000655321
-3.83195e-06
-0.000653918
-3.04477e-06
-0.000653178
-1.98679e-06
-0.000652457
-1.58482e-06
-0.000652102
-9.82748e-07
-0.000651777
-7.41982e-07
-0.000651595
-4.68194e-07
-0.000651445
-3.41818e-07
-0.000651354
-2.12705e-07
-0.000651285
-1.44799e-07
-0.000651245
-7.81248e-08
-2.0503e-08
-0.00066408
-0.000661884
-0.000660543
-0.00065913
-0.000657971
-0.000657023
-0.000656387
-0.000655719
-0.000655313
-0.000654988
-0.000654706
-0.000654518
-0.000654374
-0.000654272
-0.000654193
-0.00065414
-0.000654093
-0.000654062
-0.000654042
0.000744704
-0.000124804
0.000819734
-7.50306e-05
0.000841426
-2.16916e-05
0.000860359
-1.89326e-05
0.000878283
-1.79247e-05
0.000902182
-2.38983e-05
0.00093544
-3.32578e-05
0.00100562
-7.01796e-05
0.00110595
-0.00010033
0.00122836
-0.000122407
0.00136983
-0.000141476
0.00149948
-0.00012965
0.00153254
-3.30599e-05
0.00145905
7.34907e-05
0.00133086
0.000128195
0.00120561
0.00012525
0.00114251
6.30991e-05
0.00113274
9.7717e-06
0.00114316
-1.04252e-05
6.91438e-06
0.000958161
-0.000103315
0.000938231
-5.51e-05
0.000949251
-3.27123e-05
0.000964418
-3.40994e-05
0.000997003
-5.05095e-05
0.00103998
-6.68718e-05
0.00107533
-6.86074e-05
0.00108944
-8.42969e-05
0.00108907
-9.99611e-05
0.00108534
-0.00011867
0.0010662
-0.000122341
0.00101526
-7.87037e-05
0.000979207
2.98907e-06
0.00100394
4.87607e-05
0.00107648
5.56488e-05
0.00116812
3.36112e-05
0.00122238
8.83767e-06
0.00122141
1.07451e-05
0.00114897
6.20185e-05
5.19398e-05
0.00081277
-0.000131533
0.000866597
-0.000108927
0.000925509
-9.16247e-05
0.000949181
-5.77714e-05
0.000928965
-3.02926e-05
0.000905407
-4.33144e-05
0.000895655
-5.88549e-05
0.000880088
-6.87305e-05
0.000855837
-7.57096e-05
0.000821991
-8.48242e-05
0.000791071
-9.14213e-05
0.000781882
-6.95141e-05
0.000804476
-1.96049e-05
0.000828052
2.51841e-05
0.000840135
4.35665e-05
0.000835625
3.81208e-05
0.000818516
2.59464e-05
0.000818329
1.09325e-05
0.000825707
5.46405e-05
4.88137e-05
0.000635406
-0.000126964
0.000630415
-0.000103936
0.000631993
-9.32025e-05
0.000641097
-6.68756e-05
0.000669143
-5.83386e-05
0.000702081
-7.62526e-05
0.000713455
-7.02284e-05
0.000698786
-5.40618e-05
0.000666891
-4.38144e-05
0.000616393
-3.43266e-05
0.000568093
-4.31209e-05
0.000533967
-3.53884e-05
0.000505364
8.99838e-06
0.000473757
5.6791e-05
0.000438736
7.85878e-05
0.00041712
5.97362e-05
0.000407307
3.57593e-05
0.00040384
1.43996e-05
0.000415531
4.29497e-05
3.90926e-05
0.000484071
-9.40414e-05
0.000485661
-0.000105526
0.000511019
-0.000118561
0.000508112
-6.3969e-05
0.000444842
4.93152e-06
0.000353297
1.52929e-05
0.00029421
-1.11416e-05
0.000265545
-2.53964e-05
0.000241264
-1.95336e-05
0.000219545
-1.26075e-05
0.00019224
-1.58164e-05
0.000170731
-1.38789e-05
0.000173391
6.33776e-06
0.000193615
3.65677e-05
0.000224731
4.74712e-05
0.000252407
3.20605e-05
0.000268106
2.00603e-05
0.000275088
7.41775e-06
0.000289291
2.87462e-05
2.07868e-05
0.000266688
0.000161162
4.26014e-05
-2.13676e-05
-1.64361e-05
-1.14321e-06
-1.22848e-05
-3.76812e-05
-5.72148e-05
-6.98224e-05
-8.56388e-05
-9.95177e-05
-9.31799e-05
-5.66123e-05
-9.14109e-06
2.29194e-05
4.29797e-05
5.03975e-05
7.91436e-05
)
;

boundaryField
{
    rotor
    {
        type            calculated;
        value           uniform 0;
    }
    stator
    {
        type            calculated;
        value           uniform 0;
    }
    front
    {
        type            empty;
        value           nonuniform List<scalar> 0();
    }
    back
    {
        type            empty;
        value           nonuniform List<scalar> 0();
    }
    inlet
    {
        type            calculated;
        value           nonuniform List<scalar> 6(-0.000654031 -0.000651229 -0.00064564 -0.00064564 -0.000651229 -0.000654031);
    }
    outlet
    {
        type            calculated;
        value           nonuniform List<scalar> 6(0.00113625 0.00110394 0.000828833 0.000425252 0.000307597 9.99304e-05);
    }
}


// ************************************************************************* //
