/*--------------------------------*- C++ -*----------------------------------*\
| =========                 |                                                 |
| \\      /  F ield         | OpenFOAM: The Open Source CFD Toolbox           |
|  \\    /   O peration     | Version:  2212                                  |
|   \\  /    A nd           | Website:  www.openfoam.com                      |
|    \\/     M anipulation  |                                                 |
\*---------------------------------------------------------------------------*/
FoamFile
{
    version     2.0;
    format      ascii;
    arch        "LSB;label=32;scalar=64";
    class       surfaceScalarField;
    location    "1.5";
    object      phi;
}
// * * * * * * * * * * * * * * * * * * * * * * * * * * * * * * * * * * * * * //

dimensions      [0 3 -1 0 0 0 0];

oriented        oriented;

internalField   nonuniform List<scalar> 
6392
(
-1.47473e-06
1.47473e-06
-6.93512e-06
5.46039e-06
-2.03397e-05
1.34045e-05
-3.45069e-05
1.41673e-05
-6.18154e-05
2.73084e-05
-0.000127387
6.55716e-05
-0.000207547
8.01597e-05
-0.000251965
4.44183e-05
-0.000261188
9.22352e-06
-0.000248765
-1.24236e-05
-0.000223727
-2.50381e-05
-3.6493e-05
-0.000187234
-8.05601e-06
9.53074e-06
-2.07648e-05
1.81691e-05
-4.64721e-05
3.91119e-05
-8.9885e-05
5.75801e-05
-0.000144694
8.21171e-05
-0.000189682
0.00011056
-0.000212548
0.000103026
-0.00022611
5.79803e-05
-0.00023337
1.64841e-05
-0.000239414
-6.37952e-06
-0.00023839
-2.60626e-05
-5.65795e-05
-0.000218303
1.23532e-05
-2.82244e-06
1.68202e-05
1.37021e-05
9.81403e-07
5.49507e-05
-4.02211e-05
9.87826e-05
-9.475e-05
0.000136646
-0.000142405
0.000158215
-0.000184555
0.000145176
-0.000226893
0.000100318
-0.000262234
5.18253e-05
-0.000293077
2.44637e-05
-0.000315376
-3.76419e-06
-4.82627e-05
-0.000323692
3.07265e-05
-3.35489e-05
5.67189e-05
-1.22904e-05
5.59889e-05
5.56808e-05
2.58971e-05
0.000128874
-3.09527e-05
0.000193496
-9.89078e-05
0.00022617
-0.000164718
0.000210986
-0.000222245
0.000157844
-0.000270936
0.000100516
-0.000307451
6.09794e-05
-0.000336282
2.50662e-05
-2.64675e-05
-0.000358077
3.4865e-05
-6.84139e-05
6.2803e-05
-4.02284e-05
6.84091e-05
5.00747e-05
5.6464e-05
0.000140819
1.37159e-05
0.000236244
-4.74511e-05
0.000287337
-0.000122886
0.00028642
-0.000190433
0.000225392
-0.000239304
0.000149387
-0.00027431
9.59852e-05
-0.000298132
4.88881e-05
-5.61547e-07
-0.000324038
1.3521e-05
-8.1935e-05
1.79356e-05
-4.46429e-05
2.25929e-05
4.54174e-05
3.02963e-05
0.000133116
1.66683e-05
0.000249872
-1.62196e-05
0.000320225
-6.68716e-05
0.000337072
-0.000128379
0.0002869
-0.000173872
0.00019488
-0.000191302
0.000113416
-0.00019947
5.70556e-05
1.31632e-05
-0.000213195
2.49519e-05
-0.000106887
2.60414e-05
-4.57325e-05
2.58339e-05
4.56249e-05
2.25316e-05
0.000136418
2.67634e-05
0.00024564
1.53927e-05
0.000331596
5.07401e-06
0.000347391
-1.65461e-05
0.00030852
-5.25962e-05
0.00023093
-5.44843e-05
0.000115304
-3.24034e-05
3.49748e-05
-1.03559e-05
-8.88431e-06
1.58446e-05
-0.000122731
1.84124e-05
-4.83002e-05
8.47751e-06
5.55598e-05
-6.10776e-06
0.000151004
7.67494e-07
0.000238765
2.01012e-05
0.000312262
5.09865e-05
0.000316506
0.000104214
0.000255292
0.000135001
0.000200142
0.000147222
0.000103084
0.000177498
4.69866e-06
-5.00506e-05
0.000217192
-0.000132104
9.37238e-06
-0.0001751
-5.30374e-06
-0.000166487
4.69465e-05
-0.000149902
0.000134419
-0.000117902
0.000206765
-5.3273e-05
0.000247633
2.02873e-05
0.000242946
0.000119591
0.000155988
0.000220576
9.91581e-05
0.000294105
2.95543e-05
0.000353369
-5.45653e-05
-0.000100961
0.000404279
-0.000130612
0.000139985
-0.000209785
7.38692e-05
-0.000278649
0.00011581
-0.000300831
0.0001566
-0.000243667
0.000149602
-0.000128209
0.000132174
2.49859e-05
8.9751e-05
0.000198794
-1.78197e-05
0.000371157
-7.32053e-05
0.000514732
-0.000114021
0.000614716
-0.000154549
-0.000168361
0.000682117
-0.000119656
0.000259641
-0.000190843
0.000145056
-0.00021296
0.000137928
-0.000152516
9.61559e-05
9.75045e-07
-3.88907e-06
0.000220069
-8.69196e-05
0.000474702
-0.000164882
0.000686026
-0.000229143
0.000824029
-0.000211208
0.000909687
-0.000199679
0.000946726
-0.000191588
-0.0001737
0.000952065
6.80344e-06
0.000252837
6.75853e-05
8.42741e-05
0.000266878
-6.13651e-05
0.000517218
-0.000154184
0.000752644
-0.000239316
0.000939054
-0.000273329
0.00104254
-0.000268365
0.00106821
-0.00025482
0.00106811
-0.000211107
0.00105364
-0.000185202
0.00102204
-0.00015999
0.000981584
-0.000133246
-0.000127113
-6.01204e-05
-5.37544e-05
-7.33589e-05
2.44907e-05
-7.82451e-05
0.000117704
-9.32136e-05
0.000220482
-0.000102778
0.000323081
-0.000102599
0.0003666
-4.3519e-05
0.000351886
1.47143e-05
0.000289679
6.2207e-05
0.000196398
9.32809e-05
8.6696e-05
0.000109702
8.6696e-05
-0.000181614
-9.68098e-05
-0.000123253
-0.00013172
-3.93417e-05
-0.000162156
6.33695e-05
-0.000195925
0.000192055
-0.000231463
0.000301086
-0.000211631
0.000359299
-0.000101732
0.0003592
1.48135e-05
0.000305206
0.000116201
0.000232605
0.000165882
0.000123275
0.000219032
0.000209971
-0.000315116
-0.000105386
-0.000281717
-0.000165119
-0.000221045
-0.000222828
-0.000126966
-0.000290004
-1.6723e-05
-0.000341706
0.000114373
-0.000342727
0.000208099
-0.000195457
0.000224954
-2.04175e-06
0.000212815
0.00012834
0.000169459
0.000209239
9.21102e-05
0.00029638
0.000302081
-0.000375543
-8.79199e-05
-0.000385101
-0.000155562
-0.000379478
-0.000228451
-0.000348916
-0.000320566
-0.000283132
-0.00040749
-0.000157523
-0.000468335
1.65765e-05
-0.000369557
9.55691e-05
-8.10344e-05
0.000108846
0.000115063
0.000111928
0.000206157
5.66081e-05
0.0003517
0.000358689
-0.000355618
-5.63397e-05
-0.000388049
-0.000123131
-0.000416123
-0.000200377
-0.000426986
-0.000309704
-0.000399486
-0.000434989
-0.000335883
-0.000531938
-0.000141432
-0.000564009
5.25068e-05
-0.000274973
8.53439e-05
8.22257e-05
9.43732e-05
0.000197127
5.42185e-05
0.000391855
0.000412908
-0.000241236
-2.82979e-05
-0.000289751
-7.46164e-05
-0.000350842
-0.000139285
-0.000404171
-0.000256375
-0.000422737
-0.000416423
-0.000394748
-0.000559927
-0.000313391
-0.000645366
-0.00011363
-0.000474734
3.16925e-06
-3.4574e-05
2.97878e-05
0.000170509
9.63168e-06
0.000412011
0.000422539
-5.07443e-06
-3.21078e-05
-5.04733e-05
-2.92176e-05
-0.000138206
-5.15529e-05
-0.000255193
-0.000139387
-0.000358944
-0.000312673
-0.000397686
-0.000521185
-0.000401664
-0.000641388
-0.000291787
-0.000584611
-0.000149706
-0.000176656
-7.92511e-05
0.000100054
-2.38306e-05
0.000356591
0.000398709
0.000264983
-7.98979e-05
0.000302783
-6.7018e-05
0.000290421
-3.91905e-05
0.000206062
-5.50285e-05
3.24483e-05
-0.000139059
-0.000170643
-0.000318093
-0.00032855
-0.000483482
-0.000336738
-0.000576422
-0.000203203
-0.000310191
-8.39303e-05
-1.9218e-05
-1.95852e-05
0.000292245
0.000379124
0.000453882
-0.000129501
0.000513292
-0.000126428
0.000551138
-7.70365e-05
0.000558628
-6.25188e-05
0.000506834
-8.72643e-05
0.000386278
-0.000197538
0.000168384
-0.000265588
-6.94171e-05
-0.00033862
-7.34192e-05
-0.000306189
2.28539e-05
-0.000115491
2.8774e-05
0.000286325
0.000407898
0.000711752
-0.000159137
0.000718775
-0.000133451
0.000717308
-7.55689e-05
0.000714485
-5.9696e-05
0.000696798
-6.95775e-05
0.000636654
-0.000137393
0.000534352
-0.000163287
0.000321149
-0.000125416
0.000153149
-0.00013819
0.000113368
-7.57093e-05
7.89181e-05
0.000320775
0.000486816
0.000944619
-0.000151691
0.000936272
-0.000125105
0.000922106
-6.14026e-05
0.000894886
-3.24759e-05
0.000848537
-2.32285e-05
0.000752106
-4.09623e-05
0.000661559
-7.27395e-05
0.000571257
-3.5115e-05
0.000441278
-8.21123e-06
0.000320953
4.46166e-05
0.000238108
0.000403619
0.000724924
0.000935086
-0.000105192
0.000892123
-8.21426e-05
0.000864934
-3.42131e-05
0.000850353
-1.78948e-05
0.000840656
-1.35312e-05
0.000811511
-1.18181e-05
0.000763453
-2.46812e-05
0.000693636
3.47022e-05
0.00055559
0.000129834
0.00040393
0.000196277
0.000310532
0.000497017
0.00103546
1.94883e-05
-1.94883e-05
4.81567e-05
-2.86684e-05
8.7002e-05
-3.88453e-05
0.000134718
-4.77162e-05
0.000168989
-3.42711e-05
0.000166266
2.72378e-06
0.000123957
4.2309e-05
1.78532e-05
0.000106103
-0.000126006
0.00014386
-0.000261348
0.000135342
-0.000380693
0.000119345
9.41594e-05
-0.000474852
2.04132e-05
-3.99016e-05
4.69238e-05
-5.5179e-05
6.97708e-05
-6.16923e-05
7.36677e-05
-5.1613e-05
3.23633e-05
7.03321e-06
-8.04581e-05
0.000115545
-0.000227394
0.000189245
-0.000341384
0.000220094
-0.000430218
0.000232693
-0.000529686
0.00023481
-0.0006182
0.000207858
0.000157014
-0.000681054
5.49931e-06
-4.54009e-05
1.32849e-05
-6.29645e-05
1.31308e-05
-6.15383e-05
-1.70197e-05
-2.14625e-05
-0.000104225
9.42381e-05
-0.00021119
0.00022251
-0.000305238
0.000283293
-0.000400559
0.000315415
-0.000505804
0.000337938
-0.000611433
0.000340439
-0.000691236
0.000287661
0.000208921
-0.000743143
3.87829e-08
-4.54397e-05
-2.68917e-06
-6.02366e-05
-2.12956e-05
-4.29319e-05
-5.49596e-05
1.22015e-05
-0.000110905
0.000150183
-0.000194418
0.000306024
-0.000273829
0.000362703
-0.000355957
0.000397543
-0.000456448
0.000438429
-0.000547602
0.000431592
-0.000624521
0.000364581
0.00026305
-0.000678651
8.70379e-06
-5.41434e-05
1.39709e-05
-6.55037e-05
-1.85854e-07
-2.87751e-05
-1.70042e-05
2.90198e-05
-4.40379e-05
0.000177217
-0.000106806
0.000368793
-0.000171116
0.000427013
-0.000251476
0.000477903
-0.000345314
0.000532267
-0.000433132
0.00051941
-0.000507513
0.000438962
0.000310391
-0.000554854
4.67282e-06
-5.88163e-05
1.68744e-05
-7.77053e-05
1.97887e-05
-3.16895e-05
1.90679e-05
2.97406e-05
2.68264e-05
0.000169458
-5.17169e-06
0.000400791
-5.91251e-05
0.000480967
-0.000113209
0.000531987
-0.000171183
0.000590241
-0.000224438
0.000572666
-0.000274331
0.000488855
0.00034579
-0.00030973
1.22287e-05
-7.10449e-05
4.08355e-05
-0.000106312
7.02273e-05
-6.10814e-05
7.02715e-05
2.96965e-05
8.34016e-05
0.000156328
9.53647e-05
0.000388828
6.2274e-05
0.000514057
4.61119e-05
0.000548149
4.36375e-05
0.000592716
4.40482e-05
0.000572255
3.7019e-05
0.000495884
0.00034655
3.62597e-05
2.79211e-05
-9.8966e-05
6.6568e-05
-0.000144959
0.000119816
-0.00011433
0.000143216
6.29662e-06
0.000137267
0.000162277
0.000170336
0.000355759
0.000166648
0.000517745
0.000177101
0.000537696
0.000212555
0.000557262
0.000266252
0.000518558
0.000322411
0.000439725
0.000295132
0.000373828
4.37078e-05
-0.000142674
7.93999e-05
-0.000180651
0.000135962
-0.000170892
0.000162639
-2.03806e-05
0.000148903
0.000176013
0.00019258
0.000312083
0.000208746
0.000501579
0.000247205
0.000499236
0.000314004
0.000490464
0.000406637
0.000425925
0.000497049
0.000349313
0.000213836
0.000578345
-6.49412e-05
-7.77326e-05
-0.000168506
-7.70864e-05
-0.000160291
-0.000179107
-2.5908e-05
-0.000154763
8.06634e-05
6.94413e-05
0.000148439
0.000244307
0.000202263
0.000447755
0.000275502
0.000425997
0.000353465
0.000412501
0.000464161
0.000315229
0.000589226
0.000224248
0.000107391
0.000695671
-0.000178315
0.000100582
-0.000333723
7.83216e-05
-0.000384599
-0.000128231
-0.000225024
-0.000314338
-8.28596e-05
-7.27234e-05
1.75356e-05
0.000143912
0.000158426
0.000306864
0.00025885
0.000325574
0.000374977
0.000296374
0.000496408
0.000193797
0.000613171
0.000107485
-1.06649e-05
0.000731227
-0.000235528
0.00033611
-0.000359235
0.000202028
-0.000454352
-3.31133e-05
-0.000435675
-0.000333016
-0.000267643
-0.000240755
-6.29611e-05
-6.07702e-05
9.93557e-05
0.000144548
0.000233145
0.000191784
0.000370056
0.000159463
0.00049672
6.71334e-05
0.000660311
-5.61054e-05
0.000866805
-0.000217159
-0.000537331
6.24782e-05
-0.000566552
2.92213e-05
-0.000568615
2.06283e-06
-0.00054386
-2.47545e-05
-0.000500902
-4.29585e-05
-0.000435492
-6.54102e-05
-0.000355727
-7.97648e-05
-0.000254862
-0.000100864
-0.000146682
-0.00010818
-5.40156e-05
-9.26665e-05
3.05735e-05
-8.45891e-05
3.05735e-05
-0.000716724
9.81482e-05
-0.000723294
3.57912e-05
-0.000700622
-2.06097e-05
-0.000652814
-7.25625e-05
-0.000586601
-0.000109171
-0.000507933
-0.000144079
-0.000420177
-0.000167521
-0.00031992
-0.000201121
-0.000212254
-0.000215846
-0.000105071
-0.000199849
-2.60077e-05
-0.000163653
4.56575e-06
-0.000763714
0.00011872
-0.000752665
2.47423e-05
-0.000718403
-5.4872e-05
-0.000660468
-0.000130498
-0.000588098
-0.000181541
-0.000508975
-0.000223202
-0.00043264
-0.000243856
-0.000353336
-0.000280425
-0.000275548
-0.000293634
-0.000186891
-0.000288506
-0.000116277
-0.000234266
-0.000111711
-0.000700147
0.000140216
-0.000692208
1.68042e-05
-0.000662112
-8.49687e-05
-0.000612721
-0.000179889
-0.000551547
-0.000242715
-0.000481884
-0.000292864
-0.000416599
-0.000309142
-0.000353467
-0.000343557
-0.00029675
-0.000350352
-0.000224262
-0.000360994
-0.000156678
-0.000301851
-0.000268389
-0.000569804
0.000155165
-0.000552172
-8.28045e-07
-0.000513437
-0.000123703
-0.000466274
-0.000227052
-0.000418736
-0.000290253
-0.000370739
-0.000340861
-0.000331418
-0.000348462
-0.000292224
-0.000382752
-0.000246038
-0.000396537
-0.000180935
-0.000426097
-0.000125052
-0.000357734
-0.000393441
-0.000312532
0.000157968
-0.000285779
-2.75811e-05
-0.000254265
-0.000155218
-0.000219278
-0.000262039
-0.000195191
-0.000314339
-0.000181725
-0.000354328
-0.000185392
-0.000344795
-0.000192908
-0.000375236
-0.000182762
-0.000406682
-0.000136329
-0.00047253
-9.66143e-05
-0.000397449
-0.000490055
4.42837e-05
0.000149944
5.97533e-05
-4.30507e-05
7.20342e-05
-0.000167498
7.8405e-05
-0.00026841
6.5345e-05
-0.000301279
3.54544e-05
-0.000324437
-8.43476e-06
-0.000300906
-5.15632e-05
-0.000332107
-8.12037e-05
-0.000377042
-7.10174e-05
-0.000482716
-4.46516e-05
-0.000423814
-0.000534707
0.000405257
0.000118516
0.000414216
-5.20104e-05
0.000407062
-0.000160345
0.000371258
-0.000232605
0.000308909
-0.000238931
0.000223665
-0.000239193
0.000131668
-0.000208909
6.40244e-05
-0.000264464
2.85334e-06
-0.000315871
-2.21156e-05
-0.000457747
-4.21494e-06
-0.000441715
-0.000538922
0.000633363
6.3498e-05
0.000650971
-6.96188e-05
0.000630764
-0.000140137
0.000571306
-0.000173148
0.000495219
-0.000162844
0.000399683
-0.000143658
0.00031375
-0.000122975
0.00022497
-0.000175684
0.000110294
-0.000201195
3.35842e-05
-0.000381038
2.14286e-05
-0.00042956
-0.000517493
0.000765488
-6.31908e-06
0.000803413
-0.000107544
0.000808968
-0.000145692
0.00077982
-0.000144
0.000734773
-0.000117796
0.000669243
-7.81272e-05
0.000573393
-2.71254e-05
0.000402557
-4.84807e-06
0.000236614
-3.52518e-05
0.000124174
-0.000268598
5.6773e-05
-0.000362158
-0.00046072
0.000839793
-0.000114886
0.000929185
-0.000196935
0.000973704
-0.000190211
0.000979328
-0.000149624
0.000962694
-0.000101162
0.000915988
-3.14214e-05
0.000830675
5.81879e-05
0.000700827
0.000125
0.000582989
8.25858e-05
0.00041432
-9.99295e-05
0.000195943
-0.00014378
-0.000264777
0.00100986
-0.000257939
0.00107812
-0.000265196
0.00110006
-0.00021215
0.00110287
-0.000152439
0.00109667
-9.49622e-05
0.00110202
-3.67659e-05
0.00114692
1.3283e-05
0.0011662
0.000105726
0.00108614
0.000162639
0.000807704
0.000178509
0.000456686
0.000207237
0.000191908
9.87918e-05
-9.87918e-05
0.000179583
-8.07915e-05
0.000255425
-7.58414e-05
0.000302508
-4.70836e-05
0.000312237
-9.72903e-06
0.000284117
2.81202e-05
0.000226551
5.75658e-05
0.000181154
4.53973e-05
0.000122816
5.83382e-05
-1.70408e-05
0.000139857
-0.00025612
0.000239079
0.000350596
-0.000606716
8.29538e-05
-0.000181746
0.000173758
-0.000171596
0.000246161
-0.000148244
0.00029351
-9.44332e-05
0.000289691
-5.90967e-06
0.000216702
0.000101109
0.000123215
0.000151053
2.35086e-05
0.000145103
-0.000127279
0.000209126
-0.000354743
0.000367321
-0.000566408
0.000450744
0.000432877
-0.000648689
8.07025e-05
-0.000262448
0.000168792
-0.000259686
0.000236655
-0.000216106
0.000277789
-0.000135568
0.000254849
1.70309e-05
0.000184648
0.00017131
0.000108919
0.000226782
-2.58046e-05
0.000279827
-0.00023105
0.000414371
-0.000395909
0.000532179
-0.000478567
0.000533403
0.00048002
-0.000525709
5.64865e-05
-0.000318935
0.000119546
-0.000322745
0.000159913
-0.000256473
0.000171011
-0.000146666
0.000127771
6.02709e-05
7.48362e-05
0.000224245
-1.76015e-05
0.00031922
-0.000167654
0.000429879
-0.000306142
0.00055286
-0.000379384
0.000605421
-0.000428411
0.000582429
0.000520268
-0.000468659
2.03508e-05
-0.000339285
4.44402e-05
-0.000346835
5.42899e-05
-0.000266323
5.11151e-05
-0.000143491
6.68488e-06
0.000104701
-6.13039e-05
0.000292234
-0.000158356
0.000416271
-0.000247241
0.000518765
-0.00029911
0.000604729
-0.000329886
0.000636197
-0.000356157
0.0006087
0.000538858
-0.000374747
-1.04509e-05
-0.000328835
-2.78712e-05
-0.000329414
-4.50359e-05
-0.000249158
-7.13862e-05
-0.000117141
-0.000128791
0.000162106
-0.000178439
0.000341881
-0.000219152
0.000456984
-0.000242642
0.000542256
-0.000259259
0.000621345
-0.000273004
0.000649942
-0.000281042
0.000616739
0.000536493
-0.000278677
-3.2095e-05
-0.00029674
-6.28239e-05
-0.000298686
-9.81164e-05
-0.000213866
-0.000127731
-8.75269e-05
-0.000173612
0.000207988
-0.000191981
0.00036025
-0.000201773
0.000466776
-0.000201144
0.000541627
-0.000190816
0.000611018
-0.000178486
0.000637611
-0.000155869
0.000594122
0.000513278
-0.000132654
-5.66726e-05
-0.000240067
-0.000107773
-0.000247586
-0.000128837
-0.000192802
-0.000140658
-7.57058e-05
-0.000166971
0.000234301
-0.000165719
0.000358998
-0.000159732
0.000460789
-0.000135483
0.000517378
-9.50895e-05
0.000570624
-4.90305e-05
0.000591552
-3.98072e-07
0.00054549
0.000479348
3.3532e-05
-7.0532e-05
-0.000169535
-0.000118043
-0.000200075
-0.00013004
-0.000180805
-0.00013023
-7.55149e-05
-0.00012695
0.000231021
-0.00010709
0.000339139
-8.24873e-05
0.000436185
-4.36586e-05
0.000478549
1.48885e-05
0.000512077
8.13157e-05
0.000525125
0.000143295
0.00048351
0.00043401
0.000188633
-0.00011885
-5.06851e-05
-0.000165522
-0.000153403
-0.000177889
-0.000168438
-0.000154398
-9.90059e-05
-0.000109742
0.000186364
-7.04609e-05
0.000299858
-2.24725e-05
0.000388197
3.39548e-05
0.000422122
0.000116573
0.000429459
0.000200324
0.000441375
0.000270623
0.000413211
0.000371797
0.000332836
-0.000102201
5.1516e-05
-0.000135674
-0.00011993
-0.000128193
-0.000175919
-9.88237e-05
-0.000128375
-2.33554e-05
0.000110896
3.72034e-05
0.000239299
9.62471e-05
0.000329153
0.000158064
0.000360305
0.000237056
0.000350467
0.000323587
0.000354844
0.00041147
0.000325328
0.000287761
0.000495506
-7.57433e-05
0.000127259
-0.000174164
-2.15091e-05
-0.000193841
-0.000156242
-0.000149055
-0.000173162
-3.48488e-05
-3.30981e-06
6.59278e-05
0.000138523
0.000155597
0.000239484
0.000241264
0.000274637
0.000340272
0.000251459
0.000441261
0.000253854
0.000530158
0.000236431
0.000606472
0.000211447
-0.00085379
0.000247073
-0.0010093
0.000155515
-0.00111374
0.000104433
-0.00115159
3.78557e-05
-0.00115274
1.14703e-06
-0.00112129
-3.14495e-05
-0.00106147
-5.98231e-05
-0.000978909
-8.25587e-05
-0.000858945
-0.000119964
-0.000689978
-0.000168968
-0.000407729
-0.000282249
-0.000407729
-0.000712936
0.00031132
-0.00074647
0.000189048
-0.000743572
0.000101536
-0.000722157
1.64406e-05
-0.000683435
-3.75749e-05
-0.00062894
-8.59446e-05
-0.000551723
-0.00013704
-0.000467141
-0.000167141
-0.000378894
-0.000208211
-0.000286264
-0.000261597
-0.00017363
-0.000394882
-0.00058136
-0.000561825
0.000347436
-0.000579715
0.000206938
-0.000588981
0.000110802
-0.000596298
2.37573e-05
-0.000578608
-5.52653e-05
-0.000521139
-0.000143413
-0.000440018
-0.000218161
-0.000340965
-0.000266194
-0.000236764
-0.000312412
-0.000133997
-0.000364364
-6.88336e-05
-0.000460046
-0.000650193
-0.000495329
0.000374106
-0.000508591
0.0002202
-0.000521357
0.000123568
-0.000529824
3.22244e-05
-0.000502341
-8.27484e-05
-0.000448948
-0.000196806
-0.000376442
-0.000290667
-0.000289279
-0.000353356
-0.000197114
-0.000404578
-9.9654e-05
-0.000461824
-2.91115e-05
-0.000530588
-0.000679305
-0.000388209
0.000387568
-0.000414185
0.000246177
-0.000439778
0.000149161
-0.00043879
3.12365e-05
-0.000399583
-0.000121955
-0.000340721
-0.000255668
-0.000277992
-0.000353397
-0.000214606
-0.000416742
-0.000151111
-0.000468073
-8.38039e-05
-0.000529131
-1.67667e-05
-0.000597625
-0.000696071
-0.000286768
0.000395659
-0.000307227
0.000266635
-0.000315765
0.000157699
-0.000291384
6.85538e-06
-0.000243417
-0.000169922
-0.000185782
-0.000313303
-0.000138974
-0.000400204
-0.000105694
-0.000450022
-8.1599e-05
-0.000492168
-5.05234e-05
-0.000560207
1.87333e-06
-0.000650022
-0.000694198
-0.000132011
0.000395016
-0.000143763
0.000278387
-0.00014275
0.000156685
-0.000115778
-2.01166e-05
-7.74324e-05
-0.000208268
-4.4606e-05
-0.000346129
-2.27832e-05
-0.000422027
-1.58067e-05
-0.000456999
-1.50073e-05
-0.000492967
-3.19837e-05
-0.00054323
-7.23768e-06
-0.000674768
-0.000701436
4.83843e-05
0.000380164
5.9733e-05
0.000267039
8.05618e-05
0.000135856
0.000110629
-5.0184e-05
0.000129386
-0.000227024
0.00012716
-0.000343903
0.000107717
-0.000402584
7.30219e-05
-0.000422304
4.20608e-05
-0.000462006
-6.45329e-06
-0.000494716
-2.70059e-05
-0.000654216
-0.000728442
0.000230396
0.000338401
0.000272269
0.000225166
0.000307156
0.000100968
0.00033514
-7.81682e-05
0.000328109
-0.000219993
0.000294812
-0.000310606
0.000239182
-0.000346955
0.000173604
-0.000356725
9.55073e-05
-0.00038391
2.06451e-05
-0.000419854
-8.67133e-06
-0.000624899
-0.000737113
0.000396103
0.000275134
0.000451123
0.000170146
0.000500736
5.13554e-05
0.000520431
-9.78631e-05
0.000491483
-0.000191045
0.000438269
-0.000257392
0.000362441
-0.000271126
0.000280153
-0.000274437
0.00017934
-0.000283097
9.38422e-05
-0.000334356
4.17708e-05
-0.000572828
-0.000695342
0.000573618
0.000197022
0.000648174
9.55898e-05
0.0006952
4.32912e-06
0.000682694
-8.53563e-05
0.000627491
-0.000135842
0.000554929
-0.000184831
0.000470908
-0.000187105
0.000394022
-0.000197551
0.000324975
-0.00021405
0.000275781
-0.000285163
0.000187367
-0.000484414
-0.000507975
0.000683853
0.000119641
0.000749834
2.9609e-05
0.000779061
-2.48979e-05
0.000757064
-6.33594e-05
0.000715698
-9.4476e-05
0.000652601
-0.000121734
0.000594805
-0.000129309
0.000554217
-0.000156963
0.000528335
-0.000188168
0.000467652
-0.000224479
0.000280972
-0.000297734
-0.000227003
4.47797e-05
-4.47797e-05
8.4871e-05
-4.00913e-05
0.000120996
-3.61252e-05
0.00014681
-2.58135e-05
0.000145761
1.04824e-06
0.000140441
5.32033e-06
0.00013954
9.01333e-07
0.000140001
-4.61448e-07
0.000119481
2.05198e-05
7.6726e-05
4.27554e-05
2.26778e-05
5.40482e-05
8.50145e-05
-6.23366e-05
4.63409e-05
-9.11206e-05
8.45079e-05
-7.82583e-05
8.48487e-05
-3.6466e-05
7.52525e-05
-1.62173e-05
6.05743e-05
1.57265e-05
4.22774e-05
2.36172e-05
1.87612e-05
2.44175e-05
-1.21637e-05
3.04635e-05
-6.33202e-05
7.16763e-05
-0.00014314
0.000122575
-0.000234878
0.000145787
0.000134785
-0.000284649
6.05092e-06
-9.71715e-05
9.04525e-06
-8.12526e-05
-1.43626e-05
-1.30581e-05
-2.94533e-05
-1.12665e-06
-1.37085e-05
-1.83287e-08
4.43569e-06
5.47301e-06
-9.47076e-06
3.8324e-05
-7.49516e-05
9.59444e-05
-0.000166878
0.000163603
-0.000229804
0.000185501
-0.000259962
0.000175945
0.000153154
-0.000278331
-2.42677e-05
-7.29038e-05
-5.26765e-05
-5.28438e-05
-7.63057e-05
1.05711e-05
-8.37268e-05
6.29441e-06
-8.76209e-05
3.87575e-06
-9.67461e-05
1.45983e-05
-0.000134939
7.65171e-05
-0.000194025
0.00015503
-0.00022777
0.000197347
-0.000241764
0.000199495
-0.000249943
0.000184125
0.000159314
-0.000256104
-2.24537e-05
-5.04502e-05
-4.49302e-05
-3.03672e-05
-8.11685e-05
4.68094e-05
-0.000117901
4.30269e-05
-0.000138495
2.44696e-05
-0.000151379
2.74821e-05
-0.000161283
8.64213e-05
-0.000173786
0.000167534
-0.000185668
0.000209229
-0.000194072
0.000207899
-0.000197756
0.000187809
0.000157727
-0.000196169
-2.91452e-05
-2.1305e-05
-3.98555e-05
-1.96569e-05
-5.85836e-05
6.55375e-05
-9.92819e-05
8.37252e-05
-0.0001298
5.49879e-05
-0.000145819
4.35009e-05
-0.000141004
8.1606e-05
-0.000131601
0.000158131
-0.000133515
0.000211143
-0.000136112
0.000210496
-0.00013416
0.000185857
0.00015424
-0.000130672
-2.96991e-05
8.39412e-06
-3.9309e-05
-1.00471e-05
-3.51365e-05
6.13651e-05
-6.10937e-05
0.000109682
-9.66025e-05
9.04967e-05
-0.000114461
6.13595e-05
-0.000104129
7.12736e-05
-6.97348e-05
0.000123737
-4.91347e-05
0.000190543
-4.18836e-05
0.000203244
-3.59507e-05
0.000179924
0.000161268
-4.29793e-05
-5.25459e-05
6.094e-05
-6.52537e-05
2.66081e-06
-3.90317e-05
3.5143e-05
-2.47241e-05
9.53749e-05
-3.93476e-05
0.00010512
-5.05534e-05
7.25653e-05
-5.24681e-05
7.31883e-05
-1.75189e-05
8.87879e-05
3.51452e-05
0.000137879
5.52054e-05
0.000183184
5.18575e-05
0.000183272
0.000181399
3.17262e-05
-5.72055e-05
0.000118146
-9.66877e-05
4.2143e-05
-8.69177e-05
2.5373e-05
-3.18182e-05
4.02754e-05
1.57464e-05
5.75555e-05
4.62727e-05
4.2039e-05
5.84571e-05
6.10039e-05
7.12563e-05
7.59887e-05
0.000106488
0.000102647
0.000135984
0.000153689
0.000146297
0.000172959
0.000197097
0.0001306
-9.58698e-05
0.000214015
-0.000113154
5.94273e-05
-0.000116645
2.88639e-05
-6.46931e-05
-1.16765e-05
2.24964e-05
-2.96341e-05
0.000104408
-3.98729e-05
0.00017877
-1.33577e-05
0.000204059
5.06995e-05
0.000206623
0.000100082
0.00022497
0.000135342
0.000254018
0.00014391
0.000181395
0.00026972
1.39259e-05
0.00020009
4.2929e-05
3.04241e-05
7.58604e-05
-4.06742e-06
9.512e-05
-3.09361e-05
0.000114431
-4.89446e-05
0.000152865
-7.83075e-05
0.000222402
-8.28949e-05
0.000285126
-1.20244e-05
0.000319039
6.61697e-05
0.000333976
0.000120406
0.00034833
0.000129556
0.000156596
0.000373129
0.000293377
-9.32873e-05
0.000408868
-8.50675e-05
0.00048315
-7.83495e-05
0.000513205
-6.09907e-05
0.000503258
-3.89973e-05
0.000436261
-1.1311e-05
0.000365556
-1.219e-05
0.000356206
-2.67363e-06
0.000378066
4.43093e-05
0.000392455
0.000106017
0.000397791
0.00012422
0.00041234
0.000142046
-0.000169928
0.000107592
-0.000238106
6.8178e-05
-0.000285884
4.77777e-05
-0.000320303
3.44191e-05
-0.000330116
9.81337e-06
-0.000316081
-1.40357e-05
-0.000275583
-4.04981e-05
-0.000209333
-6.62498e-05
-0.000113807
-9.55259e-05
-1.95868e-05
-9.42202e-05
4.44541e-05
-6.40409e-05
4.44541e-05
-0.00029725
0.000120193
-0.000320214
9.11419e-05
-0.000342183
6.97467e-05
-0.000354031
4.62665e-05
-0.000359452
1.52349e-05
-0.000354333
-1.91551e-05
-0.000330432
-6.43994e-05
-0.000290403
-0.000106279
-0.000227327
-0.000158601
-0.000143593
-0.000177955
-1.93019e-05
-0.000188332
2.51522e-05
-0.000290541
0.000132403
-0.000306331
0.000106932
-0.000322672
8.60881e-05
-0.000333926
5.752e-05
-0.000339847
2.11555e-05
-0.000338341
-2.06609e-05
-0.000318786
-8.39541e-05
-0.000290186
-0.000134879
-0.00024855
-0.000200237
-0.000187827
-0.000238678
-8.81518e-05
-0.000288007
-6.29996e-05
-0.000256623
0.000132923
-0.000258877
0.000109185
-0.000259805
8.70164e-05
-0.000257728
5.54435e-05
-0.000247389
1.08164e-05
-0.000236319
-3.17309e-05
-0.000221115
-9.91587e-05
-0.000206641
-0.000149352
-0.000183744
-0.000223134
-0.000151868
-0.000270554
-9.65618e-05
-0.000343313
-0.000159561
-0.00018876
0.000125514
-0.000182507
0.000102932
-0.000171519
7.6028e-05
-0.00015521
3.91344e-05
-0.000132864
-1.15293e-05
-0.000112024
-5.25706e-05
-9.41681e-05
-0.000117015
-8.92767e-05
-0.000154244
-8.38961e-05
-0.000228515
-7.13667e-05
-0.000283083
-4.16107e-05
-0.000373069
-0.000201172
-0.000126628
0.00012147
-0.000130933
0.000107237
-0.000130078
7.51726e-05
-0.000111443
2.04996e-05
-8.32093e-05
-3.97632e-05
-5.36062e-05
-8.21737e-05
-3.04222e-05
-0.000140199
-2.37426e-05
-0.000160923
-2.46256e-05
-0.000227632
-1.90736e-05
-0.000288635
-4.16701e-07
-0.000391726
-0.000201589
-6.23391e-05
0.00014083
-8.84548e-05
0.000133353
-0.000106259
9.2977e-05
-0.000102697
1.69376e-05
-7.89389e-05
-6.35215e-05
-4.00432e-05
-0.000121069
-8.57592e-06
-0.000171666
6.14502e-06
-0.000175644
7.53926e-06
-0.000229026
1.78653e-05
-0.000298961
3.36129e-05
-0.000407474
-0.000167976
-1.57287e-06
0.000174129
-3.88982e-05
0.000170678
-6.46701e-05
0.000118749
-6.52362e-05
1.75038e-05
-4.54974e-05
-8.32603e-05
-1.24687e-05
-0.000154098
1.77442e-05
-0.000201879
2.77306e-05
-0.000185631
2.08732e-05
-0.000222169
3.69614e-05
-0.00031505
6.40021e-05
-0.000434514
-0.000103974
0.000100715
0.000204015
7.10644e-05
0.000200328
4.66248e-05
0.000143188
3.49597e-05
2.91689e-05
4.81321e-05
-9.64327e-05
5.96766e-05
-0.000165643
6.42652e-05
-0.000206467
5.94412e-05
-0.000180807
3.99137e-05
-0.000202641
4.81158e-05
-0.000323252
5.00516e-05
-0.00043645
-5.39221e-05
0.00027902
0.000194715
0.000291345
0.000188003
0.000298019
0.000136514
0.000274253
5.29348e-05
0.000238803
-6.0982e-05
0.000207776
-0.000134616
0.000167748
-0.000166439
0.000123621
-0.00013668
8.4333e-05
-0.000163353
7.63725e-05
-0.000315291
4.65772e-05
-0.000406655
-7.34489e-06
0.000407893
0.000159951
0.000436326
0.00015957
0.00046557
0.00010727
0.000470864
4.76409e-05
0.000414773
-4.89113e-06
0.000341536
-6.13785e-05
0.000254956
-7.98601e-05
0.000180665
-6.23883e-05
0.000132265
-0.000114953
9.81605e-05
-0.000281186
4.79627e-05
-0.000356457
4.06178e-05
0.000449495
0.000122797
0.000494638
0.000114426
0.000524467
7.74409e-05
0.000524557
4.75509e-05
0.000492986
2.66799e-05
0.000434983
-3.37591e-06
0.000363584
-8.46127e-06
0.000317761
-1.65649e-05
0.000270905
-6.80972e-05
0.000157183
-0.000167465
-7.04749e-07
-0.00019857
3.9913e-05
0.000440984
-0.000227835
3.96878e-05
0.000795108
-0.000269849
0.00101558
-0.000281833
0.00114639
-0.000285003
0.00119504
-0.00028796
0.00117337
-0.000251663
0.00110426
-0.000199255
0.0010222
-0.000172754
0.000957425
-0.000146336
0.000908126
-0.000135903
0.000872707
-0.000124571
-0.00011282
0.000852281
0.00119758
-0.00026449
-0.00116092
0.00117625
-0.000248524
0.00112796
-0.00023354
0.0010592
-0.000216241
0.000968446
-0.000197207
0.000896228
-0.000179445
0.000856829
-0.000159856
0.000840535
-0.00015646
0.000845058
-0.000150859
0.000856939
-0.000147784
0.000863968
-0.0001316
-0.000116151
0.000867299
0.000917993
-0.000259023
-0.000923461
0.000904199
-0.000234729
0.000898747
-0.000228088
0.000900834
-0.000218328
0.000908814
-0.000205187
0.000922794
-0.000193425
0.00094338
-0.000180442
0.000968101
-0.000181181
0.000988058
-0.000170817
0.00100261
-0.000162341
0.00100994
-0.000138925
-0.000115566
0.00100935
0.000949577
-0.000943116
-0.000265484
0.000966429
-0.000251582
0.000988372
-0.000250031
0.00101438
-0.000244335
0.00104259
-0.0002334
0.00107367
-0.000224499
0.00109735
-0.000204128
0.00111156
-0.000195392
0.00111376
-0.000173013
0.00109833
-0.00014691
0.0010968
-0.000137398
0.00113575
-0.000154515
0.00083201
-8.49212e-05
0.000809272
-5.94041e-05
0.000800617
-2.55582e-05
0.00080292
-2.01981e-05
0.000808646
-1.92571e-05
0.000789458
7.37033e-06
0.000710182
5.45946e-05
0.000608451
0.000136433
0.00052774
0.000210546
0.000500571
0.000223446
0.000687003
0.000310585
0.000697206
0.00102525
0.00086959
-8.72118e-05
0.000872335
-6.21493e-05
0.000873856
-2.70788e-05
0.000874922
-2.12645e-05
0.000882201
-2.65361e-05
0.000884489
5.08219e-06
0.000868757
7.03268e-05
0.000852134
0.000153056
0.000853061
0.000209618
0.000830698
0.000245809
0.000895736
0.000245548
0.000351553
0.00124139
0.00100265
-8.05069e-05
0.000996579
-5.60794e-05
0.000988476
-1.89758e-05
0.000974341
-7.12887e-06
0.000948036
-2.31483e-07
0.000914329
3.87896e-05
0.000881948
0.000102707
0.000875488
0.000159516
0.000903231
0.000181875
0.000936489
0.000212551
0.000955995
0.000226041
0.000271759
0.00103579
0.00117439
-0.000119148
0.0011957
-7.73906e-05
0.00118056
-3.82991e-06
0.00113869
3.47425e-05
0.00109128
4.71743e-05
0.00104341
8.66644e-05
0.00100534
0.000140776
0.000995034
0.000169819
0.000991059
0.00018585
0.000995475
0.000208135
0.00100446
0.000217057
0.00100545
0.000270772
0.000908267
0.000453096
0.000779522
0.000330773
0.000501464
0.000244945
3.75736e-05
0.000130874
-0.000196457
-6.72417e-06
-0.00013532
-0.000121907
4.40964e-05
-3.4869e-05
0.000242446
-6.56548e-06
0.000459049
-5.71399e-05
0.000711725
-0.000185543
0.000932545
-0.000276925
-0.00034826
0.00106365
0.00133973
0.000354752
0.00132443
0.000346081
0.00127633
0.000293038
0.00118473
0.000222473
0.000997393
0.000180615
0.000782478
9.30085e-05
0.000726576
2.10332e-05
0.00079443
-7.44198e-05
0.000945553
-0.000208263
0.00108453
-0.00032452
0.00112848
-0.000320873
-0.000334934
0.00111515
0.0010951
0.000295441
0.00111151
0.000329674
0.00108783
0.000316715
0.00109941
0.000210895
0.00116334
0.000116685
0.00117773
7.86163e-05
0.00119182
6.94454e-06
0.00120563
-8.82285e-05
0.00118233
-0.000184964
0.00113001
-0.000272204
0.0010805
-0.000271355
-0.000331394
0.00107696
0.00100892
0.000291971
0.00102595
0.00031264
0.00104465
0.000298014
0.00103974
0.000215803
0.00103565
0.000120776
0.00104068
7.35921e-05
0.00102211
2.55098e-05
0.00100641
-7.25263e-05
0.00103007
-0.000208622
0.00109078
-0.000332923
0.00117002
-0.000350591
0.00127686
-0.000438235
0.00110369
-0.000297984
0.00108401
-0.000245516
0.00104422
-0.000172357
0.0010029
-0.000111124
0.000969717
-6.17763e-05
0.00095356
-2.06085e-05
0.000963822
3.02e-06
0.00104319
2.63546e-05
0.00115993
4.58985e-05
0.00125396
8.44868e-05
0.00131373
0.000147468
0.000177822
0.00132781
0.0010802
-0.000263035
0.00104487
-0.000210185
0.00102161
-0.000149096
0.00101083
-0.000100345
0.00100374
-5.46782e-05
0.000988573
-5.44518e-06
0.000965107
2.64853e-05
0.000928159
6.3303e-05
0.000889596
8.44619e-05
0.000873632
0.000100451
0.000893931
0.00012717
0.000109088
0.000962664
0.0010911
-0.000277185
0.0011157
-0.000234781
0.00114001
-0.000173403
0.00115891
-0.00011925
0.00116555
-6.13183e-05
0.00116241
-2.298e-06
0.00114334
4.55506e-05
0.00111285
9.37971e-05
0.00107016
0.000127146
0.00102674
0.000143869
0.000989405
0.000164508
0.000146154
0.000952339
0.00136012
-0.000360447
0.00141636
-0.000291023
0.00145723
-0.000214272
0.00148151
-0.000143529
0.00148788
-6.76889e-05
0.00147936
6.22886e-06
0.0014577
6.72108e-05
0.00142572
0.000125774
0.00137827
0.000174593
0.00131087
0.000211278
0.00121975
0.000255622
0.001137
0.000228905
0.00119905
0.000256022
0.000944639
0.000232902
0.000622235
0.000166162
0.000307654
0.00014142
0.000149974
0.000154371
0.000134632
0.000153865
0.00020485
0.000169266
0.000296913
0.000182575
0.000398496
0.000149876
0.000502865
0.000149485
0.000595636
0.00014366
0.000124798
0.000682285
0.00107843
0.00014026
0.00118473
0.0001266
0.00121355
0.000137344
0.00119135
0.000163617
0.0011477
0.000198022
0.00109372
0.000207838
0.00104862
0.000214368
0.000995966
0.00023523
0.000892751
0.00025309
0.000815327
0.00022691
0.000802338
0.000156649
9.13895e-05
0.000835746
0.000933433
0.000159166
0.000919657
0.000140376
0.000920229
0.000136772
0.00093759
0.000146257
0.000958025
0.000177587
0.000965301
0.000200562
0.000961221
0.000218449
0.000959552
0.000236899
0.000967789
0.000244854
0.000975612
0.000219086
0.000967893
0.000164369
8.97406e-05
0.000969542
0.00108434
0.000211822
0.00106306
0.000161656
0.00104891
0.000150923
0.00102997
0.0001652
0.00101971
0.000187847
0.00100993
0.000210338
0.000994737
0.000233646
0.000981491
0.000250144
0.000985228
0.000241118
0.000997766
0.000206549
0.00100647
0.000155667
0.00100048
9.5726e-05
0.000765605
3.63209e-05
0.000837599
-4.23854e-05
0.000877117
-6.44157e-05
0.000886414
-7.26559e-05
0.000879727
-8.77898e-05
0.000860347
-0.000102354
0.000858086
-0.000127048
0.000860541
-0.000159418
0.000858266
-0.000185893
0.000837202
-0.000203415
0.000751458
-0.000211991
-0.000170365
0.000694821
0.000899531
-2.74636e-05
0.000946237
-8.90924e-05
0.00096646
-8.46378e-05
0.000977327
-8.35228e-05
0.000978658
-8.91214e-05
0.000971613
-9.5309e-05
0.000957571
-0.000113005
0.000933121
-0.000134968
0.000909596
-0.000162368
0.000881942
-0.000175761
0.000852569
-0.000182618
-0.00016937
0.000851574
0.000968528
-2.64504e-05
0.000943853
-6.44167e-05
0.000926499
-6.72844e-05
0.000919697
-7.67206e-05
0.000916831
-8.62556e-05
0.000921277
-9.97546e-05
0.000925582
-0.00011731
0.000927822
-0.000137208
0.000928971
-0.000163518
0.000928912
-0.000175701
0.000928342
-0.000182048
-0.000169126
0.000928098
0.000992475
-1.84433e-05
0.000993613
-6.55546e-05
0.000997467
-7.11383e-05
0.00100258
-8.18293e-05
0.0010084
-9.20825e-05
0.00101271
-0.000104058
0.00101504
-0.000119641
0.00101751
-0.000139684
0.00101588
-0.000161881
0.00101076
-0.000170583
0.00100575
-0.000177041
0.00100589
-0.000169263
0.000738944
-0.000137411
0.000768517
-0.00011464
0.000781261
-9.10941e-05
0.000787079
-6.68086e-05
0.000787987
-3.99049e-05
0.000770274
6.40193e-06
0.000699928
5.81555e-05
0.000593243
0.000104011
0.000524574
0.000112978
0.000494953
0.000135638
0.000477361
0.000141812
0.000154685
0.000464722
0.000854799
-0.000140636
0.000857672
-0.000117512
0.00086367
-9.70929e-05
0.000871523
-7.4661e-05
0.000871714
-4.00958e-05
0.000866557
1.15581e-05
0.000858595
6.61177e-05
0.00082582
0.000136786
0.000759374
0.000179424
0.00067928
0.000215733
0.000612472
0.00020862
0.000203684
0.000563473
0.000933386
-0.000145924
0.000942842
-0.000126969
0.000951572
-0.000105822
0.000958834
-8.19238e-05
0.000963542
-4.48031e-05
0.00095572
1.93796e-05
0.000935933
8.5905e-05
0.000907689
0.00016503
0.00086467
0.000222443
0.000813315
0.000267088
0.000767657
0.000254278
0.000246603
0.000724738
0.00101528
-0.000155321
0.00102711
-0.000138789
0.00104033
-0.000119043
0.00105229
-9.38832e-05
0.00105077
-4.32877e-05
0.00103626
3.38901e-05
0.00100758
0.000114582
0.000966709
0.000205904
0.000924503
0.000264649
0.000887027
0.000304564
0.000853692
0.000287613
0.00082
0.000280295
0.000468638
0.000118881
0.000490044
9.30207e-05
0.000510156
5.73287e-05
0.000513065
4.46417e-05
0.000503165
3.65798e-05
0.000462142
3.76471e-05
0.000417889
3.57916e-05
0.000375338
2.59865e-05
0.000315561
-8.32057e-06
0.000174889
-2.67925e-05
-9.37083e-05
7.00282e-05
-1.41076e-05
0.00053915
0.000143203
0.000532201
9.99702e-05
0.000539836
4.9694e-05
0.000549959
3.45185e-05
0.000558958
2.758e-05
0.000562443
3.41624e-05
0.000576993
2.12415e-05
0.000608662
-5.68244e-06
0.000663189
-6.28472e-05
0.00074894
-0.000112544
0.000957677
-0.000138709
-0.000217354
0.000686077
0.000181864
0.000649209
0.000136838
0.00063162
6.72838e-05
0.000633432
3.27067e-05
0.000648796
1.22157e-05
0.000678265
4.69378e-06
0.000715687
-1.6181e-05
0.000758427
-4.8422e-05
0.000787858
-9.22787e-05
0.000817912
-0.000142597
0.000884522
-0.000205319
-0.000256293
0.000799077
0.000202787
0.000786101
0.000149814
0.000783952
6.94322e-05
0.000792686
2.39732e-05
0.000812881
-7.97973e-06
0.00083126
-1.36845e-05
0.000837785
-2.27066e-05
0.000840221
-5.08573e-05
0.000855998
-0.000108056
0.000893322
-0.000179921
0.000929232
-0.000241229
-0.000270177
0.000126669
-0.000287296
-0.000104857
0.000148653
-0.000273566
0.0001792
-0.000280577
0.000210664
-0.000275799
0.000232392
-0.000255129
0.00023888
-0.000230986
0.000218289
-0.000183537
0.000187452
-0.000164555
0.000113115
-9.86754e-05
6.12574e-05
-9.50523e-05
0.000133198
-0.000209339
-0.000300366
0.000279049
0.000102642
-0.00032727
-6.26674e-05
0.000147928
-0.000318852
0.000191914
-0.000324563
0.000223382
-0.000307267
0.000234919
-0.000266665
0.000215633
-0.0002117
0.000150801
-0.000118706
6.81931e-05
-8.19472e-05
-2.39688e-05
-6.51344e-06
-1.75386e-05
-0.000101483
6.01779e-05
-0.000287055
-0.000357418
0.000117231
0.000112161
-0.000359143
-8.02879e-05
0.000144175
-0.000350866
0.000182064
-0.000362452
0.000212425
-0.000337627
0.000228971
-0.000283212
0.000214715
-0.000197444
0.00014054
-4.45312e-05
5.31655e-05
5.42773e-06
-3.57784e-06
5.023e-05
1.55037e-05
-0.000120564
3.84889e-05
-0.000310041
-0.000371818
5.28882e-05
0.000103424
-6.73696e-05
-0.000395197
0.000141505
-0.000388947
0.000184269
-0.000405216
0.000216282
-0.000369641
0.000236671
-0.0003036
0.000218814
-0.000179588
0.00016054
1.37431e-05
8.84408e-05
7.7527e-05
4.06538e-05
9.8017e-05
3.36738e-05
-0.000113584
1.1161e-05
-0.000287528
1.97449e-05
-0.000380401
0.000349764
-0.000189864
0.000385601
-0.000113227
0.000356002
2.57687e-05
0.000229622
0.000161123
0.000127826
0.000148971
9.70952e-05
0.000117395
8.35729e-05
0.000154298
8.76374e-05
0.000165754
8.79748e-05
0.000185513
8.66237e-05
0.000209486
7.36328e-05
0.000230048
0.00029707
4.73344e-05
0.000117968
-0.000190601
0.000179099
-0.000174358
0.000247631
-4.27641e-05
0.000193303
0.000215451
0.000113793
0.000228481
6.65888e-05
0.000164599
4.74353e-05
0.000173451
5.35968e-05
0.000159593
6.82939e-05
0.000170816
7.39497e-05
0.00020383
4.40865e-05
0.000259911
0.000334358
6.79816e-06
5.34381e-05
-0.000191151
8.00502e-05
-0.00020097
0.000136416
-9.91298e-05
0.000147585
0.000204282
8.44575e-05
0.000291608
3.0145e-05
0.000218911
2.45343e-05
0.000179062
2.97136e-05
0.000154413
4.26517e-05
0.000157878
5.25314e-05
0.000193951
3.32785e-05
0.000279164
0.000369512
-1.87501e-06
3.17762e-05
-0.000203183
3.19367e-05
-0.00020113
7.37813e-05
-0.000140974
0.000114868
0.000163196
6.86061e-05
0.00033787
3.04857e-05
0.000257032
3.21863e-05
0.000177362
4.76352e-05
0.000138964
5.42913e-05
0.000151222
5.32141e-05
0.000195028
4.22916e-05
0.000290087
8.62557e-06
0.000403178
1.06003e-05
0.000328705
-2.14994e-05
0.00034474
-3.64332e-05
0.000312948
-1.28639e-05
0.000192234
3.86032e-05
6.93091e-05
7.16708e-05
4.05245e-05
0.000118835
-2.1654e-05
0.000234503
-0.000188195
0.000371974
-0.000346093
0.00044314
-0.000404089
0.000473861
-0.000381311
-0.000527353
0.000562979
-2.13763e-05
0.000356879
-2.96305e-05
0.000352994
2.70063e-06
0.000280617
4.54713e-05
0.000149463
6.02285e-05
5.45519e-05
0.000148554
-4.78014e-05
0.000277366
-0.000150466
0.00038152
-0.000292349
0.000426339
-0.000390911
0.000372617
-0.000350367
0.000357574
-0.000366268
-0.000641167
0.000471388
-1.90913e-05
0.000374095
1.59323e-06
0.00033231
4.22766e-05
0.000239934
7.85046e-05
0.000113235
0.000161945
-2.88889e-05
0.000267881
-0.000153737
0.000339932
-0.000222517
0.000352677
-0.000305094
0.000293668
-0.000331902
0.000240488
-0.000297188
0.000277976
-0.000403756
-0.000740695
0.000377503
7.40171e-06
0.000375319
3.81226e-05
0.000301589
8.60523e-05
0.000192004
0.000172006
2.72817e-05
0.000251179
-0.000108063
0.000287538
-0.000190096
0.000299563
-0.000234542
0.000280344
-0.000285875
0.00022217
-0.000273728
0.000187232
-0.00026225
0.00018317
-0.000399693
0.000153073
-0.000710597
0.000619489
-0.000416957
0.00065133
-0.000322864
0.000672704
-0.000235646
0.000681185
-0.000152011
0.000666924
-5.34273e-05
0.000606506
6.66463e-05
0.000514042
0.000159675
0.000420936
0.00021888
0.000337692
0.000257836
0.000263936
0.000285034
0.000201851
0.000317707
0.000286335
0.000144422
0.000511708
-0.000457277
0.00049761
-0.000308765
0.000484886
-0.000222922
0.000488197
-0.000155321
0.00050038
-6.56109e-05
0.000484384
8.26421e-05
0.000433486
0.000210573
0.000361815
0.000290551
0.000310795
0.000308857
0.000277209
0.00031862
0.000245751
0.000349165
0.000351784
0.000180301
0.000300303
-0.000380077
0.000189994
-0.000198456
0.000138
-0.000170928
0.000100916
-0.000118237
0.000112679
-7.73738e-05
0.000184661
1.06605e-05
0.000257432
0.000137802
0.000281094
0.000266888
0.000289504
0.000300447
0.000297142
0.000310982
0.000288611
0.000357696
0.000415872
0.000224523
4.05117e-05
-0.000267516
4.85455e-06
-0.000162799
2.01954e-05
-0.000186269
3.45644e-06
-0.000101498
-9.6432e-06
-6.42742e-05
-1.2437e-05
1.34543e-05
7.64891e-06
0.000117716
6.05033e-05
0.000214034
0.000129665
0.000231284
0.000200071
0.000240576
0.000243163
0.000314604
0.00019756
0.000461475
0.000122284
0.00023396
0.000130286
0.000153654
0.000133889
0.000147321
0.000124647
0.000174442
0.000113082
0.000199412
9.49207e-05
0.000228499
7.74456e-05
0.000251121
6.36061e-05
0.000263984
5.05298e-05
0.000254194
2.37515e-05
0.000233327
-2.16992e-05
0.000201118
8.92686e-05
-1.52417e-05
0.000120366
0.000293896
0.000107712
0.000166308
0.00011191
0.000143122
0.000102527
0.000183825
9.24962e-05
0.000209443
8.38099e-05
0.000237186
6.91416e-05
0.000265789
4.80124e-05
0.000285113
1.04132e-05
0.000291793
-3.91489e-05
0.000282889
-6.46289e-05
0.000226598
5.0473e-05
-2.58333e-05
0.000142239
0.00037618
9.43568e-05
0.000214189
8.60701e-05
0.000151409
6.77855e-05
0.00020211
5.34467e-05
0.000223782
4.27495e-05
0.000247883
2.16124e-05
0.000286926
-2.06637e-05
0.000327389
-6.72314e-05
0.000338361
-8.90303e-05
0.000304688
-7.10799e-05
0.000208647
3.94522e-06
-2.45521e-05
0.000120184
0.000453556
6.17801e-05
0.000272593
4.32219e-05
0.000169967
1.34455e-05
0.000231886
-2.10304e-05
0.000258258
-5.40561e-05
0.000280908
-8.87194e-05
0.000321589
-0.000111032
0.000349702
-0.000107195
0.000334523
-9.37358e-05
0.000291229
-5.38394e-05
0.000168751
-7.94313e-06
-4.1951e-05
5.51535e-05
-8.88385e-05
8.93564e-05
-9.97576e-05
0.000104659
-8.64408e-05
0.000106974
-8.41443e-05
8.96057e-05
-7.47144e-05
6.62963e-05
-8.07484e-05
7.25708e-05
-0.000125916
6.99408e-05
-0.000137054
5.11425e-05
-0.000143083
4.14041e-05
-0.000160844
5.27446e-05
-0.000188381
-0.0001948
7.82808e-05
3.41434e-05
-0.000148815
6.3545e-05
-0.000129159
7.27808e-05
-9.56766e-05
6.57535e-05
-7.71169e-05
4.81742e-05
-5.71351e-05
3.94654e-05
-7.20395e-05
4.10918e-05
-0.000127542
3.02687e-05
-0.000126231
9.5785e-06
-0.000122393
4.97287e-06
-0.000156239
1.47775e-05
-0.000198186
-0.000217475
3.7453e-05
1.62944e-05
-0.000189662
4.96421e-05
-0.000162507
7.66782e-05
-0.000122713
6.64351e-05
-6.68737e-05
3.84079e-05
-2.9108e-05
2.00392e-05
-5.36709e-05
2.98095e-06
-0.000110484
-1.59548e-05
-0.000107295
-2.90547e-05
-0.000109293
-2.7765e-05
-0.000157528
-1.82082e-05
-0.000207743
-0.000240222
4.53876e-06
1.07687e-05
-0.000208374
2.87248e-05
-0.000180463
3.33682e-05
-0.000127356
1.6214e-05
-4.97195e-05
4.51428e-06
-1.74082e-05
-2.39071e-06
-4.67659e-05
-2.00721e-05
-9.28026e-05
-4.54294e-05
-8.19381e-05
-6.5235e-05
-8.94871e-05
-6.48992e-05
-0.000157864
-5.03449e-05
-0.000222297
-2.5242e-05
-0.000265325
0.000113336
-0.000190376
0.000124736
-0.000150189
0.000105143
-9.94503e-05
7.5256e-05
-6.39967e-05
4.29017e-05
-1.09334e-05
1.86038e-05
5.81879e-05
-8.96025e-06
0.000142146
-4.94071e-05
0.000246351
-8.83529e-05
0.000303595
-0.000113238
0.000329449
-0.000125693
0.000300069
0.000274884
-0.000120282
6.80137e-05
-0.000220937
7.80604e-05
-0.000160236
4.32291e-05
-6.4619e-05
-1.48479e-05
-5.9197e-06
-5.81655e-05
3.23842e-05
-7.86683e-05
7.86907e-05
-9.97735e-05
0.000163251
-0.000128357
0.000274934
-0.000142774
0.000318013
-0.000137085
0.000323759
-0.000117488
0.000280472
0.000254887
-9.74912e-05
3.32805e-05
-0.000249679
6.0064e-05
-0.000187019
5.34818e-05
-5.80368e-05
-8.09926e-06
5.56614e-05
-7.79068e-05
0.000102192
-0.000120987
0.000121771
-0.000136944
0.000179208
-0.000143179
0.000281169
-0.000136499
0.000311333
-0.000116731
0.000303991
-0.000105404
0.000269145
0.00026902
-0.000119536
-1.02198e-05
-0.000264701
7.73349e-08
-0.000197316
1.39752e-05
-7.19347e-05
-2.63784e-05
9.6015e-05
-8.89056e-05
0.000164719
-0.000126415
0.00015928
-0.000140759
0.000193552
-0.00013309
0.0002735
-0.000113469
0.000291712
-0.000108269
0.000298792
-0.000130291
0.000291167
-0.000166287
0.000305016
-7.17992e-05
0.000154304
-5.20953e-05
0.00013011
-6.37487e-05
8.10856e-05
-8.08391e-05
4.10636e-05
-0.000107595
1.87762e-05
-0.000140925
1.96455e-05
-0.000157919
-5.71259e-06
-0.000123881
-8.48952e-05
-5.48162e-05
-0.000177121
1.58838e-05
-0.000250621
7.21687e-05
-0.000297514
-0.000302866
-6.95972e-05
0.00012641
-8.01473e-05
0.00014066
-0.000106965
0.000107903
-0.000138654
7.27525e-05
-0.000173024
5.31464e-05
-0.000174066
2.06874e-05
-0.000145408
-3.437e-05
-9.31735e-05
-0.00013713
-3.40248e-05
-0.00023627
1.75704e-05
-0.000302216
4.12985e-05
-0.000321242
-0.000324235
-0.000102473
0.000109347
-0.000106738
0.000144925
-0.000136572
0.000137738
-0.000159039
9.52196e-05
-0.000155143
4.92496e-05
-0.000134048
-4.07186e-07
-0.000113393
-5.50245e-05
-8.51738e-05
-0.00016535
-4.78579e-05
-0.000273586
4.58318e-06
-0.000354657
4.74344e-05
-0.000364093
-0.000357088
-0.000149249
9.23085e-05
-0.00015589
0.000151566
-0.000182641
0.000164489
-0.000163969
7.65469e-05
-0.000111297
-3.42217e-06
-7.67376e-05
-3.49665e-05
-6.55256e-05
-6.62365e-05
-5.46378e-05
-0.000176238
-3.27231e-05
-0.000295501
7.12567e-06
-0.000394506
3.80595e-05
-0.000395027
-0.000386398
0.000103719
-0.000427578
-7.13378e-05
0.000136255
-0.000421484
0.000174654
-0.000443616
0.000199628
-0.000394614
0.000221896
-0.000325869
0.000201736
-0.000159428
0.000144036
7.1443e-05
9.34913e-05
0.000128072
5.65818e-05
0.000134926
5.03438e-05
-0.000107346
2.02623e-05
-0.000257446
-0.000360139
9.67711e-05
-0.00046087
-6.34792e-05
0.000133011
-0.000457723
0.000172604
-0.000483209
0.000192511
-0.00041452
0.000200957
-0.000334316
0.000167232
-0.000125703
0.000106538
0.000132137
6.51655e-05
0.000169445
4.57678e-05
0.000154324
5.04692e-05
-0.000112048
3.36408e-05
-0.000240618
-0.000326498
9.49533e-05
-0.000490754
-6.50696e-05
0.000126145
-0.000488915
0.000163072
-0.000520136
0.000172221
-0.00042367
0.000172167
-0.000334262
0.000153444
-0.00010698
9.2689e-05
0.000192892
4.27669e-05
0.000219367
3.1433e-05
0.000165658
4.96626e-05
-0.000130277
3.87359e-05
-0.000229691
-0.000287762
8.76884e-05
-0.000519704
-5.87379e-05
0.000120092
-0.000521318
0.000159786
-0.00055983
0.000165146
-0.00042903
0.00014378
-0.000312896
0.000106019
-6.92183e-05
6.63836e-05
0.000232527
4.17027e-05
0.000244048
4.23062e-05
0.000165055
6.33769e-05
-0.000151348
5.86795e-05
-0.000224994
-0.000229083
8.45312e-05
-0.00054647
-5.7765e-05
0.00011505
-0.000551837
0.000151849
-0.000596628
0.000154296
-0.000431477
0.000105684
-0.000264284
8.12692e-05
-4.48039e-05
8.42255e-05
0.000229571
5.17695e-05
0.000276504
4.98204e-05
0.000167004
7.32865e-05
-0.000174814
7.01146e-05
-0.000221822
-0.000158968
7.63501e-05
-0.000570868
-5.19518e-05
0.000107303
-0.00058279
0.000144425
-0.00063375
0.000138609
-0.000425661
0.000102779
-0.000228454
0.000111493
-5.35179e-05
0.000113498
0.000227566
6.37822e-05
0.00032622
6.41904e-05
0.000166596
9.27288e-05
-0.000203352
8.02179e-05
-0.000209311
-7.87505e-05
7.09651e-05
-0.000593125
-4.8708e-05
0.000101309
-0.000613135
0.000136853
-0.000669293
0.000120953
-0.000409761
8.45743e-05
-0.000192076
0.000106668
-7.56111e-05
0.000142346
0.000191888
0.000108584
0.000359981
9.66523e-05
0.000178528
0.00010859
-0.00021529
7.62221e-05
-0.000176943
-2.52834e-06
6.19351e-05
-0.00061227
-4.27907e-05
9.24188e-05
-0.000643618
0.000124262
-0.000701136
8.8972e-05
-0.000374471
4.33501e-05
-0.000146454
7.41426e-05
-0.000106404
0.000125937
0.000140093
0.000125562
0.000360356
0.000130279
0.00017381
0.000107088
-0.000192099
6.36634e-05
-0.000133518
6.1135e-05
5.52108e-05
-0.000629222
-3.82581e-05
8.39853e-05
-0.000672393
0.000104253
-0.000721404
5.696e-05
-0.000327178
6.22832e-06
-9.57225e-05
-1.34764e-05
-8.66989e-05
5.14187e-05
7.51983e-05
0.000105884
0.000305891
0.000133346
0.000146348
7.80319e-05
-0.000136785
2.68221e-05
-8.23083e-05
8.79571e-05
4.6151e-05
-0.000642796
-3.25772e-05
7.27727e-05
-0.000699015
7.45665e-05
-0.000723198
-3.22616e-06
-0.000249386
-4.97526e-05
-4.9196e-05
-8.6034e-05
-5.04175e-05
-3.19578e-05
2.11221e-05
6.60053e-05
0.000207928
0.000113892
9.84607e-05
5.16743e-05
-7.45666e-05
4.49911e-06
-3.51331e-05
9.24562e-05
3.98875e-05
-0.000655339
-2.73445e-05
5.8962e-05
-0.000718089
2.98034e-05
-0.000694039
-8.59445e-05
-0.000133638
-0.000113104
-2.20368e-05
-0.000140769
-2.27519e-05
-0.000119909
2.61387e-07
-9.04335e-07
8.89236e-05
4.6449e-05
5.11073e-05
-1.78259e-06
-2.63349e-05
-2.7377e-05
-9.53874e-06
6.50793e-05
3.49712e-05
-2.26266e-05
-0.000667684
4.51219e-05
-0.00072824
8.92852e-06
-0.000657846
-0.000124709
-0.000146746
-0.000169498
-0.000169237
-8.03129e-05
-2.92056e-05
-5.55405e-05
-6.50793e-05
-1.00847e-05
-0.000193098
-3.53569e-05
-0.000175858
-8.3675e-06
-0.000167964
5.33328e-05
0.000101495
4.29069e-05
0.000348296
3.52034e-05
0.000264735
6.64923e-05
0.000146073
0.000111228
9.42289e-05
0.000114585
0.000147865
9.85137e-05
0.000211099
7.98732e-05
0.000308727
0.000427063
5.59877e-05
-6.60247e-06
-0.000186496
-4.04886e-05
-0.000141972
-6.38746e-05
-0.000144578
7.94782e-06
2.96728e-05
5.25e-05
0.000303744
5.64097e-05
0.000260826
9.37403e-05
0.000108742
0.000137481
5.04885e-05
0.000156662
0.000128683
0.000155707
0.000212054
0.000177462
0.000286973
0.000391381
0.000213144
-5.65849e-06
-0.000180837
-3.49614e-05
-0.000112669
-8.15653e-05
-9.79738e-05
-2.19082e-05
-2.99844e-05
4.51508e-05
0.000236685
5.57336e-05
0.000250243
7.34258e-05
9.10498e-05
0.000103329
2.05855e-05
0.000140116
9.1896e-05
0.000162272
0.000189898
0.000198931
0.000250314
0.000327305
0.000263007
8.58142e-07
-0.000181695
-3.21425e-05
-7.96685e-05
-9.0638e-05
-3.94784e-05
-6.85057e-05
-5.21167e-05
-7.7322e-06
0.000175911
2.89124e-05
0.000213598
3.38349e-05
8.61273e-05
3.61213e-05
1.82991e-05
7.41677e-05
5.38496e-05
0.000122811
0.000141255
0.000164459
0.000208665
0.000255976
0.000235788
1.0681e-05
-0.000192376
-2.13756e-05
-4.76118e-05
-8.54719e-05
2.46178e-05
-9.50752e-05
-4.25133e-05
-4.15015e-05
0.000122337
1.23574e-05
0.000159739
2.13443e-05
7.71404e-05
6.80634e-06
3.2837e-05
1.27346e-05
4.79214e-05
4.93297e-05
0.00010466
9.3276e-05
0.000164718
0.000181797
0.000167456
1.53809e-05
-0.000207757
-4.25988e-07
-3.1805e-05
-2.07441e-05
4.49359e-05
-3.75561e-05
-2.57013e-05
-1.44179e-05
9.91993e-05
2.63579e-05
0.000118963
3.80523e-05
6.5446e-05
1.95785e-05
5.13109e-05
8.16236e-06
5.93375e-05
2.84166e-05
8.44058e-05
5.73016e-05
0.000135833
0.000145205
9.38932e-05
2.5951e-05
-0.000233708
3.276e-05
-3.8614e-05
4.99768e-05
2.77191e-05
4.3902e-05
-1.96264e-05
4.85544e-05
9.45469e-05
5.95163e-05
0.000108002
5.92816e-05
6.56807e-05
4.34112e-05
6.71813e-05
3.08442e-05
7.19045e-05
4.31767e-05
7.20733e-05
6.96167e-05
0.000109393
0.00011723
9.75917e-05
2.05997e-05
-0.000254308
4.01364e-05
-5.81506e-05
6.61197e-05
1.73583e-06
5.14311e-05
-4.93783e-06
7.10188e-05
7.49592e-05
8.0189e-05
9.88314e-05
6.66903e-05
7.91794e-05
5.19499e-05
8.19217e-05
4.77826e-05
7.60718e-05
5.92312e-05
6.06246e-05
0.000100652
6.79723e-05
6.92262e-05
0.000148656
1.11699e-05
-0.000265478
2.78785e-05
-7.48593e-05
4.43403e-05
-1.47259e-05
2.44732e-05
1.49292e-05
4.38306e-05
5.56018e-05
6.33154e-05
7.93466e-05
5.71097e-05
8.53851e-05
5.06578e-05
8.83736e-05
5.70088e-05
6.97209e-05
7.77518e-05
3.98816e-05
0.000115717
3.00072e-05
3.88437e-05
0.000146099
-5.04596e-05
-0.000215018
-7.85359e-05
-4.6783e-05
-8.55444e-05
-7.71735e-06
-9.16782e-05
2.10629e-05
-7.39812e-05
3.79049e-05
-4.23841e-05
4.77495e-05
-1.37927e-05
5.67937e-05
2.15642e-05
5.30167e-05
5.18253e-05
3.94598e-05
6.81171e-05
2.35898e-05
8.40592e-05
1.4065e-05
1.93945e-05
0.000103508
-0.000101333
-0.000113685
-0.000136418
-1.16974e-05
-0.000150136
6.00003e-06
-0.000143448
1.43753e-05
-0.000124105
1.85622e-05
-0.000100228
2.38723e-05
-6.22996e-05
1.8865e-05
-2.34471e-05
1.41642e-05
-8.86075e-07
1.68988e-05
8.12625e-06
1.45775e-05
1.54667e-05
6.72455e-06
5.15278e-06
2.97085e-05
-0.000113685
-0.000125383
-0.000119383
-0.000105007
-8.64452e-05
-6.25729e-05
-4.3708e-05
-2.95437e-05
-1.26449e-05
1.93256e-06
8.6571e-06
1.38099e-05
6.68654e-05
0.000364442
0.000137541
0.000230913
0.000222376
0.00010717
0.000264338
-1.46808e-05
0.000291395
-0.000135119
0.000301468
-0.000200169
0.000282337
-0.00021541
0.000239846
-0.000243385
0.000182778
-0.00021666
0.000147811
-0.000227283
0.000116751
-0.000368634
-0.000593846
0.000267944
0.000309642
0.000320529
0.000178328
0.000331401
9.62974e-05
0.00033449
-1.77701e-05
0.000323964
-0.000124593
0.000290805
-0.00016701
0.000250057
-0.000174662
0.000200184
-0.000193512
0.000150429
-0.000166905
0.000123781
-0.000200634
0.000107988
-0.000352841
-0.000485858
0.000324927
0.000247722
0.000341597
0.000161658
0.000343288
9.46065e-05
0.00035051
-2.49929e-05
0.000314867
-8.89502e-05
0.000262747
-0.000114891
0.000220441
-0.000132356
0.000176772
-0.000149843
0.000133212
-0.000123344
0.000102923
-0.000170345
7.69367e-05
-0.000326855
-0.000408921
0.000303801
0.000179709
0.000330175
0.000135285
0.000339677
8.51041e-05
0.000327851
-1.31671e-05
0.0002787
-3.97988e-05
0.000232959
-6.91498e-05
0.000195892
-9.5289e-05
0.000151185
-0.000105136
0.000114343
-8.65026e-05
8.8295e-05
-0.000144296
6.73255e-05
-0.000305886
-0.000341595
0.000225845
0.000121319
0.00025577
0.00010536
0.000272319
6.85548e-05
0.000242874
1.62781e-05
0.000215541
-1.24658e-05
0.000202217
-5.58258e-05
0.000176713
-6.97847e-05
0.000136977
-6.53996e-05
9.89584e-05
-4.84845e-05
7.1238e-05
-0.000116576
4.78969e-05
-0.000282545
-0.000293698
0.000122545
9.26671e-05
0.000159336
6.85695e-05
0.000182261
4.56303e-05
0.000182389
1.61496e-05
0.000194145
-2.42215e-05
0.000191697
-5.33774e-05
0.000168339
-4.64267e-05
0.000129819
-2.68803e-05
9.52075e-05
-1.38726e-05
6.73733e-05
-8.87419e-05
4.058e-05
-0.000255752
-0.000253118
0.000113875
7.63841e-05
0.00013598
4.64642e-05
0.000154948
2.66622e-05
0.000176735
-5.63726e-06
0.000198694
-4.61806e-05
0.000191808
-4.6492e-05
0.000162065
-1.66838e-05
0.000119332
1.58535e-05
8.87697e-05
1.66893e-05
6.37158e-05
-6.36879e-05
3.20193e-05
-0.000224055
-0.000221099
0.000164203
6.08374e-05
0.00016283
4.78368e-05
0.00017074
1.87529e-05
0.000186263
-2.11603e-05
0.000186595
-4.65129e-05
0.000169743
-2.96398e-05
0.000142581
1.04782e-05
0.000109717
4.87176e-05
8.87697e-05
3.76365e-05
7.05652e-05
-4.54834e-05
3.454e-05
-0.00018803
-0.000186559
0.000147873
5.90641e-05
0.000146219
4.94902e-05
0.000161543
3.42913e-06
0.000171436
-3.1053e-05
0.000156853
-3.19304e-05
0.000131537
-4.32419e-06
0.000110398
3.16179e-05
9.91133e-05
6.0002e-05
9.3839e-05
4.29108e-05
7.99706e-05
-3.1615e-05
3.72778e-05
-0.000145337
-0.000149281
0.000119171
4.34013e-05
0.000137759
3.09022e-05
0.000145628
-4.4394e-06
0.000128647
-1.40722e-05
9.88361e-05
-2.11952e-06
7.59952e-05
1.85167e-05
7.77546e-05
2.98585e-05
9.1406e-05
4.63507e-05
9.92502e-05
3.50666e-05
9.15335e-05
-2.38983e-05
4.50717e-05
-9.88753e-05
-0.00010421
6.41256e-05
8.9842e-06
8.90895e-05
5.93827e-06
8.30479e-05
1.60216e-06
6.60752e-05
2.90048e-06
5.76126e-05
6.34314e-06
6.02417e-05
1.58876e-05
6.94021e-05
2.06981e-05
8.68456e-05
2.89072e-05
9.80132e-05
2.38991e-05
8.97116e-05
-1.55967e-05
4.40521e-05
-5.32158e-05
-6.01575e-05
2.27941e-05
2.87324e-05
3.03345e-05
3.3235e-05
3.95781e-05
5.54657e-05
7.61638e-05
0.000105071
0.00012897
0.000113373
6.01575e-05
-2.83367e-05
-0.000239179
6.66174e-06
-0.000197797
5.72809e-05
-0.000236889
9.24958e-05
-0.000136713
8.63772e-05
-5.81557e-05
3.34791e-05
6.63524e-05
-1.41441e-05
0.000165339
-5.47098e-07
0.000200437
5.14315e-05
0.000179306
0.000101159
0.000190849
0.000133145
0.000282618
0.000494316
0.000100303
-8.6375e-06
-0.000230542
1.27076e-05
-0.000219142
3.63554e-05
-0.000260536
6.98705e-05
-0.000170228
9.55261e-05
-8.38113e-05
7.20743e-05
8.98042e-05
4.43651e-05
0.000193048
5.34018e-05
0.0001914
7.87643e-05
0.000153943
9.26024e-05
0.000177011
7.41566e-05
0.000301064
0.000579178
-1.07048e-05
-8.27971e-06
-0.000222262
-5.13827e-06
-0.000222284
-1.73671e-05
-0.000248308
-1.74496e-05
-0.000170146
3.4434e-05
-0.000135695
6.16579e-05
6.25802e-05
5.33132e-05
0.000201393
6.59978e-05
0.000178716
8.39569e-05
0.000135984
8.98457e-05
0.000171122
1.3934e-05
0.000376976
0.000706326
-0.000113215
-1.15158e-05
-0.000210746
-1.98367e-05
-0.000213963
-3.77577e-05
-0.000230387
-3.93183e-05
-0.000168585
-2.68758e-06
-0.000172326
2.492e-05
3.49727e-05
3.83561e-05
0.000187957
4.69747e-05
0.000170097
5.719e-05
0.000125769
5.19383e-05
0.000176374
-4.44108e-05
0.000473325
0.000815844
-0.000153928
-1.36702e-05
-0.000197076
-2.53405e-05
-0.000202293
-3.49966e-05
-0.00022073
-1.20268e-05
-0.000191555
1.40812e-05
-0.000198433
1.48474e-05
3.42065e-05
3.05261e-05
0.000172278
4.60839e-06
0.000196015
-5.30326e-06
0.000135681
-1.0848e-05
0.000181919
-8.99972e-05
0.000552474
0.000881711
-0.000155864
-1.52939e-05
-0.000181782
-2.84404e-05
-0.000189146
-3.65345e-05
-0.000212636
-6.17131e-06
-0.000221918
2.11839e-05
-0.000225789
1.29125e-05
4.24779e-05
7.40139e-06
0.000177789
-3.04356e-05
0.000233852
-4.40515e-05
0.000149297
-6.22562e-05
0.000200123
-0.000111802
0.00060202
0.000915474
-0.000145565
-1.6474e-05
-0.000165308
-3.49359e-05
-0.000170684
-4.18937e-05
-0.000205679
-2.95473e-05
-0.000234265
-4.19584e-05
-0.000213378
-5.52083e-05
5.57278e-05
-4.87082e-05
0.000171289
-6.09262e-05
0.00024607
-6.13326e-05
0.000149703
-9.30585e-05
0.000231849
-0.000129355
0.000638316
0.000935241
-0.000149121
-1.83771e-05
-0.000146931
-4.51322e-05
-0.000143929
-7.66965e-05
-0.000174114
-0.000133516
-0.000177446
-0.000196602
-0.000150291
-0.000165692
2.48175e-05
-0.000104274
0.000109871
-7.36757e-05
0.000215472
-6.62887e-05
0.000142316
-0.000115833
0.000281393
-0.000149518
0.000672002
0.000954701
-0.000168979
-2.13576e-05
-0.000125573
-5.89459e-05
-0.000106341
-0.000126578
-0.000106482
-0.000220026
-8.39971e-05
-0.000280384
-8.99335e-05
-0.000218277
-3.72894e-05
-0.000128955
2.05488e-05
-8.25881e-05
0.000169105
-7.33807e-05
0.000133109
-0.000137013
0.000345025
-0.000178497
0.000713486
0.000974562
-0.000198357
-3.11237e-05
-9.44498e-05
-7.12743e-05
-6.619e-05
-0.000140225
-3.75316e-05
-0.000237663
1.34409e-05
-0.000311437
-1.61598e-05
-0.000287757
-6.09692e-05
-0.000191647
-7.55615e-05
-0.000102786
8.02442e-05
-8.04126e-05
0.000110736
-0.000155697
0.00042031
-0.000217201
0.000774989
0.000995427
-0.000238066
-4.52811e-05
-4.91687e-05
-8.9346e-05
-2.21251e-05
-0.000115017
-1.18607e-05
-0.000111679
1.01034e-05
-0.000148015
2.01753e-05
-0.000200249
-8.73434e-06
-0.000220518
-5.52927e-05
-0.000149071
8.79737e-06
-8.89939e-05
5.06583e-05
-0.00016392
0.000495236
-0.000232499
0.000843568
0.00101471
-0.000251784
-4.91687e-05
-7.12938e-05
-8.31545e-05
-7.30511e-05
-5.28758e-05
-6.16101e-05
-0.000116903
-0.000108105
-5.74472e-05
-0.000148454
0.000586242
-0.000238653
0.000933767
-0.000250933
0.00102699
2.14867e-05
0.000532373
-4.63685e-05
0.000340448
-7.44672e-05
0.000198066
-0.000115978
0.000273397
-0.000161142
0.000303422
-0.000179014
0.000298781
-0.000174298
0.000316873
-0.000142841
0.000318245
-0.000109215
0.000300897
-7.83145e-05
0.000260329
-2.55345e-05
0.000115971
-6.74855e-05
-0.000103026
0.000624693
-0.000157814
0.000395237
-0.00019421
0.000234461
-0.000216928
0.000296115
-0.00022915
0.000315644
-0.000223189
0.000292819
-0.000193705
0.000287389
-0.000138498
0.000263038
-8.89757e-05
0.000251375
-4.81775e-05
0.00021953
-1.26487e-05
8.04421e-05
-8.01342e-05
-0.000152823
0.000664302
-0.000176529
0.000418943
-0.000226741
0.000284674
-0.000233605
0.000302979
-0.000225582
0.000307621
-0.000209145
0.000276382
-0.000170178
0.000248422
-0.000109941
0.0002028
-6.32421e-05
0.000204677
-2.13044e-05
0.000177593
7.55197e-07
5.83824e-05
-7.9379e-05
-0.000153658
0.000664032
-0.000168446
0.00043373
-0.000226983
0.000343211
-0.000227292
0.000303289
-0.000206419
0.000286747
-0.000172578
0.000242542
-0.00012344
0.000199284
-7.76686e-05
0.000157029
-4.36352e-05
0.000170643
-7.97556e-06
0.000141933
2.01355e-06
4.83933e-05
-7.73654e-05
-0.000152215
0.000660383
-0.000178526
0.000460042
-0.000215701
0.000380385
-0.000200625
0.000288213
-0.000165175
0.000251297
-0.000117754
0.00019512
-7.82935e-05
0.000159824
-5.42629e-05
0.000132998
-2.96009e-05
0.000145981
-2.05284e-06
0.000114385
2.2148e-06
4.41257e-05
-7.51506e-05
-0.000174452
0.000689269
-0.000204792
0.000490382
-0.000189478
0.000365072
-0.000149207
0.000247942
-0.00010416
0.000206251
-6.4962e-05
0.000155922
-4.47925e-05
0.000139654
-3.63302e-05
0.000124536
-1.86504e-05
0.000128301
-2.08506e-06
9.78196e-05
1.92492e-07
4.18481e-05
-7.49582e-05
-0.000195685
0.000735833
-0.000217205
0.000511902
-0.00019398
0.000341847
-0.000133137
0.000187098
-7.54402e-05
0.000148554
-4.58192e-05
0.000126301
-3.01842e-05
0.000124019
-2.24371e-05
0.000116789
-7.23923e-06
0.000113104
2.66014e-06
8.79202e-05
2.49031e-06
4.2018e-05
-7.24678e-05
-0.000232539
0.000799393
-0.000245224
0.000524587
-0.000194609
0.000291232
-0.000125625
0.000118115
-7.58444e-05
9.87731e-05
-4.58694e-05
9.63264e-05
-2.592e-05
0.00010407
-1.65838e-05
0.000107452
-1.03445e-06
9.75543e-05
7.72831e-06
7.91575e-05
7.79539e-06
4.19509e-05
-6.46725e-05
-0.000250327
0.000851363
-0.000232797
0.000507056
-0.000163953
0.000222388
-0.000123346
7.75083e-05
-9.3854e-05
6.92808e-05
-6.23626e-05
6.4835e-05
-4.19832e-05
8.36906e-05
-2.61261e-05
9.15953e-05
-7.85038e-06
7.92785e-05
4.3635e-06
6.69436e-05
9.92931e-06
3.63851e-05
-5.47431e-05
-0.000253073
0.00086637
-0.000197991
0.000451975
-0.000155227
0.000179623
-0.000137084
5.93661e-05
-0.000115917
4.81138e-05
-9.24191e-05
4.13366e-05
-6.77444e-05
5.90159e-05
-4.08222e-05
6.46731e-05
-1.90846e-05
5.7541e-05
-4.80539e-07
4.83395e-05
1.25877e-05
2.33168e-05
-4.21554e-05
-0.000221087
0.000835672
-0.000165423
0.000396311
-0.000166684
0.000180884
-0.000151081
4.37631e-05
-0.000129534
2.65665e-05
-0.000107523
1.93263e-05
-7.82253e-05
2.9718e-05
-4.73293e-05
3.37771e-05
-2.21234e-05
3.2335e-05
2.85449e-06
2.33616e-05
1.76414e-05
8.52992e-06
-2.4514e-05
-0.000199963
0.000784702
-0.000168021
0.000364369
-0.000192864
0.000205727
-0.0001491
-0.000122534
-0.000103208
-7.34897e-05
-3.97126e-05
-7.37754e-06
1.59841e-05
2.4514e-05
8.66135e-06
-0.000217035
1.77906e-05
-0.000189592
2.74349e-05
-0.000137001
1.81936e-05
-4.04782e-05
4.23546e-06
-3.45004e-06
-1.132e-05
-3.12104e-05
-3.72958e-05
-6.68268e-05
-6.4195e-05
-5.50389e-05
-8.16549e-05
-7.20271e-05
-8.08863e-05
-0.000158633
-6.37927e-05
-0.000239391
-0.000287051
-4.2067e-05
5.21787e-07
-0.000217557
9.37049e-06
-0.000198441
1.33758e-05
-0.000141006
7.59146e-06
-3.46939e-05
5.57044e-07
3.58438e-06
-1.66539e-05
-1.39995e-05
-4.73635e-05
-3.61171e-05
-7.85544e-05
-2.3848e-05
-9.70915e-05
-5.349e-05
-9.76609e-05
-0.000158063
-8.387e-05
-0.000253182
-0.000297753
-7.31673e-05
-3.85957e-06
-0.000213697
2.42143e-06
-0.000204722
8.37987e-06
-0.000146964
6.1608e-06
-3.24749e-05
-6.88647e-06
1.66316e-05
-2.29599e-05
2.07388e-06
-5.11207e-05
-7.95631e-06
-8.2134e-05
7.16526e-06
-0.00010256
-3.30643e-05
-0.000105844
-0.000154779
-9.76466e-05
-0.000261379
-0.000301539
-9.38612e-05
-1.08442e-05
-0.000202853
-6.62075e-06
-0.000208945
-7.52659e-07
-0.000152832
1.11258e-05
-4.43533e-05
1.01992e-05
1.75582e-05
-6.29173e-06
1.85648e-05
-3.53111e-05
2.10631e-05
-6.8363e-05
4.02171e-05
-0.00010248
1.05252e-06
-0.000116297
-0.000140962
-0.00011723
-0.000260446
-0.00029385
-0.000124919
-1.9331e-05
-0.000183522
-2.38092e-05
-0.000204467
-1.8127e-05
-0.000158514
-3.28826e-06
-5.91921e-05
-1.09303e-05
2.52003e-05
-1.75915e-05
2.52259e-05
-3.08315e-05
3.43031e-05
-5.66997e-05
6.60854e-05
-8.43739e-05
2.87267e-05
-0.00010181
-0.000123526
-0.000119912
-0.000242344
-0.000273657
-0.000140105
-3.38018e-05
-0.00014972
-4.82923e-05
-0.000189977
-4.80046e-05
-0.000158802
-1.94872e-05
-8.77095e-05
2.83099e-06
2.88212e-06
-3.97588e-06
3.20328e-05
-2.4281e-05
5.46082e-05
-3.50476e-05
7.6852e-05
-5.27333e-05
4.64124e-05
-9.03492e-05
-8.59101e-05
-0.000134643
-0.00019805
-0.000234884
-0.000173416
-4.31602e-05
-0.00010656
-7.29016e-05
-0.000160235
-8.16227e-05
-0.000150081
-6.59918e-05
-0.00010334
-3.30928e-05
-3.0017e-05
-3.38085e-05
3.27485e-05
-3.80749e-05
5.88746e-05
-3.44771e-05
7.32542e-05
-3.82455e-05
5.01808e-05
-6.97237e-05
-5.44319e-05
-0.000122982
-0.000144792
-0.000176712
-0.000181155
-5.00336e-05
-5.65264e-05
-8.96474e-05
-0.000120621
-0.000105204
-0.000134525
-0.000109503
-9.90411e-05
-7.62648e-05
-6.3255e-05
-4.73451e-05
3.82884e-06
-4.0838e-05
5.23674e-05
-3.45995e-05
6.70157e-05
-3.33001e-05
4.88814e-05
-6.89825e-05
-1.87495e-05
-0.000133646
-8.01282e-05
-0.000114555
-0.000195802
-5.64332e-05
-9.3242e-08
-9.91537e-05
-7.79008e-05
-0.000117752
-0.000115927
-0.00012537
-9.14226e-05
-0.000131242
-5.73833e-05
-0.000109007
-1.84064e-05
-7.33785e-05
1.67393e-05
-4.07759e-05
3.44131e-05
-1.51552e-05
2.32607e-05
-3.17312e-05
-2.17346e-06
-8.90435e-05
-2.28159e-05
-4.2077e-05
-0.000161522
-4.34122e-05
4.3319e-05
-8.85965e-05
-3.27166e-05
-0.000119587
-8.49362e-05
-0.000129619
-8.1391e-05
-0.000134431
-5.2571e-05
-0.000135548
-1.72896e-05
-0.000119667
8.58427e-07
-9.94276e-05
1.41737e-05
-8.94768e-05
1.331e-05
-9.46741e-05
3.02385e-06
-0.000116458
-1.03186e-06
-1.33111e-05
-0.000145224
1.06598e-06
4.2253e-05
-2.75275e-05
-4.12314e-06
-8.19079e-05
-3.05558e-05
-0.000121635
-4.16636e-05
-0.000140393
-3.38131e-05
-0.000141166
-1.65171e-05
-0.000131111
-9.19587e-06
-0.00011183
-5.1073e-06
-9.52602e-05
-3.26028e-06
-8.90754e-05
-3.16096e-06
-9.04333e-05
3.26071e-07
3.75787e-06
-0.000107502
4.2253e-05
3.81298e-05
7.57404e-06
-3.40895e-05
-6.79026e-05
-8.44198e-05
-9.36156e-05
-9.87229e-05
-0.000101983
-0.000105144
-0.000104818
-0.00010106
-3.70285e-05
-0.000269739
-3.94597e-05
-0.000194885
-1.95178e-05
-9.18766e-05
-3.63847e-05
0.000112882
-8.43491e-05
0.000212683
-0.000120759
0.00019569
-0.000130016
0.000202809
-0.000106755
0.000250238
-9.29696e-05
0.000277926
-9.65843e-05
0.000302406
-0.000106341
0.000300923
0.000198675
-7.84918e-05
-0.000264415
-8.40391e-05
-0.000189338
-7.94936e-05
-9.64221e-05
-7.96401e-05
0.000113028
-9.62479e-05
0.000229291
-0.000117779
0.000217221
-0.00011698
0.000202011
-0.000101852
0.00023511
-0.000101285
0.00027736
-0.000110659
0.000311781
-0.000113487
0.000303751
8.51881e-05
-0.000102563
-0.000255713
-0.000112069
-0.000179832
-0.000129701
-7.87899e-05
-0.000123222
0.000106549
-0.000113799
0.000219869
-0.000118427
0.000221849
-0.000111801
0.000195385
-0.000109924
0.000233233
-0.00011892
0.000286355
-0.000120096
0.000312957
-8.64593e-05
0.000270114
-1.27126e-06
-0.000135977
-0.000244655
-0.000135997
-0.000179812
-0.000149479
-6.53079e-05
-0.00015414
0.00011121
-0.000132734
0.000198463
-0.000120623
0.000209738
-0.000120486
0.000195249
-0.000128159
0.000240906
-0.000136319
0.000294514
-0.00012887
0.000305508
-5.38044e-05
0.000195049
-5.50757e-05
-0.000158232
-0.000226528
-0.000164914
-0.000173129
-0.000159221
-7.10013e-05
-0.000152228
0.000104216
-0.000139594
0.00018583
-0.000133366
0.000203509
-0.000146058
0.000207941
-0.00015317
0.000248018
-0.000149934
0.000291279
-0.000131093
0.000286667
-4.62797e-05
0.000110236
-0.000101355
-0.000200675
-0.000199269
-0.000211866
-0.000161938
-0.000191978
-9.08895e-05
-0.000159393
7.1632e-05
-0.000145234
0.00017167
-0.000144741
0.000203016
-0.000156072
0.000219272
-0.000154719
0.000246665
-0.000143552
0.000280112
-0.000108427
0.000251542
-3.55653e-05
3.73739e-05
-0.000136921
-0.00022154
-0.000158883
-0.000242436
-0.000141042
-0.00023473
-9.85959e-05
-0.00019108
2.79819e-05
-0.000160274
0.000140864
-0.000151962
0.000194704
-0.000152786
0.000220096
-0.000149756
0.000243634
-0.000145385
0.000275741
-8.72476e-05
0.000193405
-1.02485e-05
-3.96252e-05
-0.000147169
-0.000240054
-0.000114631
-0.000270888
-0.000110209
-0.000281615
-8.78686e-05
-0.000239933
-1.36997e-05
-0.000188764
8.96944e-05
-0.000161192
0.000167133
-0.000142966
0.00020187
-0.000132938
0.000233606
-0.000129869
0.000272673
-6.19061e-05
0.000125442
4.6522e-06
-0.000106183
-0.000142517
-0.000224907
-5.12459e-05
-0.000275258
-5.98576e-05
-0.000299005
-6.41221e-05
-0.000272421
-4.02838e-05
-0.000208676
2.59496e-05
-0.000159966
0.000118422
-0.000133232
0.000175135
-0.000115066
0.00021544
-9.19893e-05
0.000249596
-2.13192e-05
5.47718e-05
1.70482e-05
-0.000144551
-0.000125469
-0.000175088
-2.13816e-05
-0.000210357
-2.45885e-05
-0.000244715
-2.97646e-05
-0.000261616
-2.33832e-05
-0.000235719
5.28407e-08
-0.000172195
5.48984e-05
-0.000107212
0.000110152
-5.81102e-05
0.000166339
1.86243e-05
0.000172861
7.80711e-05
-4.67501e-06
4.31491e-05
-0.000109629
-8.23196e-05
-0.00013443
5.54605e-06
-0.000153999
-5.01921e-06
-0.000172119
-1.16453e-05
-0.000187029
-8.47283e-06
-0.000179706
-7.27013e-06
-0.000142854
1.80468e-05
-8.45527e-05
5.18506e-05
-1.53186e-06
8.33182e-05
0.000103039
6.82904e-05
0.00011916
-2.07963e-05
5.13507e-05
-4.18192e-05
-3.09689e-05
-9.55142e-05
-0.000100533
-0.000112179
-0.000120652
-0.000127922
-0.000109875
-5.80242e-05
2.5294e-05
9.35844e-05
7.27881e-05
3.09689e-05
-6.95562e-05
0.000161865
-0.000127995
0.000210005
-0.000169647
0.000206141
-0.000142269
4.91684e-05
-8.32469e-05
-6.24442e-05
-4.78032e-05
-7.04102e-05
-3.79306e-05
-7.6109e-05
-4.16676e-05
-0.000172501
-3.21805e-05
-0.000304988
4.53946e-06
-0.000431226
3.87828e-05
-0.00042927
-0.000418953
-6.83787e-05
0.000230243
-0.000115744
0.00025737
-0.000127401
0.000217799
-0.000100535
2.23028e-05
-5.56276e-05
-0.000107352
-2.02813e-05
-0.000105757
-1.18714e-05
-8.45189e-05
-1.88447e-05
-0.000165527
-1.94937e-05
-0.000304339
9.38443e-06
-0.000460104
3.51681e-05
-0.000455054
-0.000447265
-4.08313e-05
0.000271075
-7.82772e-05
0.000294816
-5.63972e-05
0.000195919
-2.81657e-05
-5.92867e-06
-1.86484e-05
-0.000116869
2.41168e-06
-0.000126817
5.30915e-06
-8.74164e-05
-6.81258e-06
-0.000153405
-1.54947e-05
-0.000295657
9.86795e-06
-0.000485467
3.6208e-05
-0.000481394
-0.000476126
-3.07666e-05
0.000301841
-5.46884e-05
0.000318738
-1.1872e-05
0.000153102
2.98804e-05
-4.7681e-05
2.61948e-05
-0.000113184
3.05944e-05
-0.000131216
2.32286e-05
-8.00506e-05
7.22203e-06
-0.000137399
-7.61063e-06
-0.000280824
1.1645e-05
-0.000504722
3.31159e-05
-0.000502865
-0.000501748
-1.93679e-05
0.000321209
3.20782e-06
0.000296162
4.86336e-05
0.000107676
6.80208e-05
-6.70683e-05
6.07891e-05
-0.000105952
5.16915e-05
-0.000122119
3.70919e-05
-6.5451e-05
1.64965e-05
-0.000116804
-2.9137e-06
-0.000261414
1.24271e-05
-0.000520063
3.35425e-05
-0.00052398
-0.000525971
-1.45065e-05
0.000335716
3.42598e-05
0.000247396
8.17371e-05
6.01991e-05
9.14291e-05
-7.67603e-05
8.11317e-05
-9.56546e-05
6.34849e-05
-0.000104472
4.85388e-05
-5.05049e-05
2.89857e-05
-9.72504e-05
1.87501e-06
-0.000234303
1.16659e-05
-0.000529854
3.03157e-05
-0.00054263
-0.000547607
8.09436e-07
0.000334906
6.40717e-05
0.000184134
0.000103538
2.07327e-05
0.000110013
-8.32355e-05
9.79932e-05
-8.36345e-05
7.43692e-05
-8.08479e-05
5.45723e-05
-3.0708e-05
3.77278e-05
-8.04059e-05
4.99656e-06
-0.000201572
1.01615e-05
-0.000535019
2.8564e-05
-0.000561033
-0.000567751
1.94494e-05
0.000315457
0.000100694
0.000102889
0.000136572
-1.51451e-05
0.000131768
-7.84311e-05
0.000110757
-6.26236e-05
7.73879e-05
-4.74791e-05
5.83839e-05
-1.1704e-05
4.65546e-05
-6.85766e-05
5.69912e-06
-0.000160716
6.8676e-06
-0.000536187
2.43873e-05
-0.000578552
-0.000586154
8.50918e-05
0.000230365
0.000167398
2.05827e-05
0.00018579
-3.35371e-05
0.000152544
-4.51853e-05
0.000118106
-2.81858e-05
8.43953e-05
-1.37683e-05
6.49415e-05
7.74987e-06
4.59868e-05
-4.9622e-05
2.27896e-06
-0.000117008
4.70451e-06
-0.000538613
2.08028e-05
-0.000594651
-0.00060361
0.000154894
7.54713e-05
0.000193767
-1.82904e-05
0.000173523
-1.32933e-05
0.00012971
-1.37257e-06
9.48197e-05
6.7049e-06
7.3356e-05
7.69539e-06
6.20921e-05
1.90137e-05
3.67995e-05
-2.43293e-05
-5.33776e-06
-7.48712e-05
1.04625e-06
-0.000544997
1.55067e-05
-0.000609111
-0.00062068
5.72982e-05
1.81732e-05
3.82537e-05
7.54054e-07
2.40715e-05
8.88879e-07
2.09349e-05
1.76409e-06
2.44891e-05
3.15067e-06
2.93522e-05
2.83228e-06
4.15974e-05
6.76854e-06
2.61881e-05
-8.92002e-06
-1.04104e-05
-3.82728e-05
-2.90762e-06
-0.0005525
1.08841e-05
-0.000622903
-0.00063714
1.81732e-05
1.89272e-05
1.98161e-05
2.15802e-05
2.47309e-05
2.75631e-05
3.43317e-05
2.54117e-05
-1.28611e-05
-6.00345e-06
-0.000559357
6.87892e-06
-0.000635785
-0.000652888
-0.000664273
1.82238e-05
-2.1635e-05
-0.000660265
1.40384e-05
-1.80465e-05
-0.00065898
1.30834e-05
-1.43679e-05
-0.000657035
9.74912e-06
-1.16947e-05
-0.000656478
8.56994e-06
-9.12634e-06
-0.000655503
6.33807e-06
-7.31395e-06
-0.000655336
5.22882e-06
-5.39509e-06
-0.00065489
3.81897e-06
-4.26566e-06
-0.000654696
2.99702e-06
-3.19106e-06
-0.000654558
2.22832e-06
-2.36593e-06
-0.000654398
1.55842e-06
-1.71829e-06
-0.000654322
1.16823e-06
-1.24416e-06
-0.000654227
7.57038e-07
-8.52617e-07
-0.000654181
5.52918e-07
-5.98261e-07
-0.000654129
3.4588e-07
-3.97807e-07
-0.0006541
2.41918e-07
-2.71352e-07
-0.000654071
1.50255e-07
-1.7871e-07
-0.000654052
9.58816e-08
-1.14924e-07
-0.000654039
5.44617e-08
-6.77816e-08
1.52781e-08
-2.32823e-08
-0.000707316
-2.70024e-06
-0.00069089
-2.38671e-06
-0.000679838
2.03073e-06
-0.000671255
1.16663e-06
-0.000665544
2.85825e-06
-0.00066134
2.1343e-06
-0.000658328
2.21657e-06
-0.000656232
1.72364e-06
-0.000654629
1.39343e-06
-0.000653551
1.15042e-06
-0.000652795
8.02321e-07
-0.000652254
6.27815e-07
-0.00065192
4.22401e-07
-0.000651665
2.98056e-07
-0.000651512
1.93607e-07
-0.000651399
1.28281e-07
-0.000651326
7.7627e-08
-0.000651277
4.72027e-08
-0.000651244
2.11245e-08
1.3539e-10
-0.000660546
-0.000662933
-0.000660902
-0.000659735
-0.000656877
-0.000654743
-0.000652526
-0.000650802
-0.000649409
-0.000648259
-0.000647456
-0.000646828
-0.000646406
-0.000646108
-0.000645914
-0.000645786
-0.000645708
-0.000645661
-0.00064564
-0.000580057
2.06994e-05
-0.000598186
1.81295e-05
-0.000609513
1.13263e-05
-0.000620044
1.05318e-05
-0.000626409
6.36438e-06
-0.000632139
5.73048e-06
-0.000635797
3.65758e-06
-0.000638824
3.02727e-06
-0.000640831
2.00719e-06
-0.000642328
1.49637e-06
-0.000643383
1.05544e-06
-0.000644102
7.18915e-07
-0.000644622
5.19881e-07
-0.000644955
3.32909e-07
-0.000645205
2.50344e-07
-0.000645363
1.5742e-07
-0.000645483
1.20454e-07
-0.000645559
7.62388e-08
-0.000645609
5.01264e-08
3.05664e-08
-0.00063676
2.16737e-05
-0.000637184
1.85537e-05
-0.000639883
1.40255e-05
-0.000641225
1.18737e-05
-0.000643556
8.69548e-06
-0.000645042
7.21638e-06
-0.000646488
5.10395e-06
-0.000647707
4.24644e-06
-0.0006486
2.89961e-06
-0.000649409
2.30512e-06
-0.000649928
1.57488e-06
-0.000650395
1.18598e-06
-0.00065067
7.94829e-07
-0.000650896
5.59177e-07
-0.000651026
3.80118e-07
-0.000651122
2.52824e-07
-0.000651175
1.74261e-07
-0.00065121
1.11124e-07
-0.00065123
6.97858e-08
2.96986e-08
-0.000652849
-0.000652342
-0.000652684
-0.000652505
-0.000652936
-0.000653034
-0.000653325
-0.000653344
-0.000653636
-0.000653696
-0.00065384
-0.000653898
-0.000653956
-0.000653995
-0.000654013
-0.000654031
-0.000654036
-0.000654039
-0.000654037
0.000812249
-0.000226007
0.00109567
-0.000283417
0.00136083
-0.000265161
0.0015573
-0.000196468
0.00167407
-0.000116776
0.00167506
-9.86447e-07
0.00155122
0.000123839
0.00135935
0.00019187
0.00119872
0.000160628
0.00111724
8.14868e-05
0.00110826
8.97286e-06
0.00114029
-3.20263e-05
0.00122268
-8.23935e-05
0.00135782
-0.000135139
0.00143208
-7.42555e-05
0.00128964
0.000142437
0.00102433
0.000265313
0.000851888
0.000172439
0.00082218
2.97081e-05
-7.81026e-06
0.00102801
-0.000320253
0.00107742
-0.000332824
0.00110096
-0.000288697
0.00114497
-0.000240484
0.00121619
-0.000187997
0.00127742
-6.22171e-05
0.00127224
0.000129018
0.00127317
0.00019094
0.00127432
0.000159479
0.00124393
0.00011188
0.00120623
4.66717e-05
0.00119867
-2.4461e-05
0.00118762
-7.13489e-05
0.00111376
-6.12788e-05
0.000960298
7.92072e-05
0.000825594
0.000277141
0.000828416
0.000262491
0.000888381
0.000112475
0.000924879
-6.78926e-06
-1.87271e-05
0.000987929
-0.000281189
0.000917843
-0.000262737
0.000820365
-0.00019122
0.000738479
-0.000158597
0.000666111
-0.00011563
0.00063307
-2.91763e-05
0.000694465
6.76237e-05
0.000790038
9.53661e-05
0.000870736
7.87817e-05
0.000910185
7.24302e-05
0.000887499
6.93585e-05
0.000807064
5.59738e-05
0.000683277
5.24378e-05
0.000519636
0.000102363
0.000407435
0.000191408
0.000515245
0.000169331
0.000708669
6.90667e-05
0.000837461
-1.63177e-05
0.000872071
-4.13993e-05
-1.5413e-05
0.000673465
-0.000169953
0.000559358
-0.00014863
0.000488273
-0.000120135
0.000451248
-0.000121573
0.000427872
-9.2253e-05
0.000443814
-4.51189e-05
0.000503983
7.45549e-06
0.000560948
3.84012e-05
0.000584508
5.52214e-05
0.000571415
8.5523e-05
0.000509219
0.000131554
0.000415344
0.000149849
0.000316872
0.000150909
0.000290061
0.000129174
0.000383755
9.77135e-05
0.000532001
2.10851e-05
0.000627145
-2.60772e-05
0.000652871
-4.20434e-05
0.00065627
-4.4799e-05
-1.62175e-05
0.000332306
-0.00013789
0.000311919
-0.000128243
0.000263174
-7.13903e-05
0.000217203
-7.56016e-05
0.000170267
-4.53168e-05
0.000148199
-2.30511e-05
0.000146031
9.62411e-06
0.000155475
2.89571e-05
0.00016698
4.37162e-05
0.000178469
7.4034e-05
0.000206334
0.000103689
0.000260088
9.60948e-05
0.000323883
8.71154e-05
0.000393341
5.97161e-05
0.000445475
4.55791e-05
0.000445217
2.13437e-05
0.0004226
-3.46016e-06
0.000413797
-3.32412e-05
0.00041941
-5.04115e-05
-2.40211e-05
6.78362e-05
-6.04068e-05
-0.000131797
-0.000207399
-0.000252715
-0.000275767
-0.000266142
-0.000237185
-0.000193469
-0.000119435
-1.57461e-05
8.03486e-05
0.000167464
0.00022718
0.000272759
0.000294103
0.000290643
0.000257402
0.00020699
)
;

boundaryField
{
    rotor
    {
        type            calculated;
        value           uniform 0;
    }
    stator
    {
        type            calculated;
        value           uniform 0;
    }
    front
    {
        type            empty;
        value           nonuniform List<scalar> 0();
    }
    back
    {
        type            empty;
        value           nonuniform List<scalar> 0();
    }
    inlet
    {
        type            calculated;
        value           nonuniform List<scalar> 6(-0.000654031 -0.000651229 -0.00064564 -0.00064564 -0.000651229 -0.000654031);
    }
    outlet
    {
        type            calculated;
        value           nonuniform List<scalar> 6(0.00082999 0.000935795 0.000868757 0.000657075 0.000427213 0.000182969);
    }
}


// ************************************************************************* //
