/*--------------------------------*- C++ -*----------------------------------*\
| =========                 |                                                 |
| \\      /  F ield         | OpenFOAM: The Open Source CFD Toolbox           |
|  \\    /   O peration     | Version:  2212                                  |
|   \\  /    A nd           | Website:  www.openfoam.com                      |
|    \\/     M anipulation  |                                                 |
\*---------------------------------------------------------------------------*/
FoamFile
{
    version     2.0;
    format      ascii;
    arch        "LSB;label=32;scalar=64";
    class       surfaceScalarField;
    location    "1.5";
    object      phi;
}
// * * * * * * * * * * * * * * * * * * * * * * * * * * * * * * * * * * * * * //

dimensions      [0 3 -1 0 0 0 0];

oriented        oriented;

internalField   nonuniform List<scalar> 
6392
(
3.8626e-05
-3.8626e-05
8.14864e-05
-4.28604e-05
0.000111778
-3.0292e-05
0.000128083
-1.63049e-05
0.000138365
-1.02814e-05
0.00015257
-1.42055e-05
0.000161016
-8.44588e-06
0.000147367
1.36491e-05
0.00012128
2.60868e-05
6.67094e-05
5.45707e-05
-7.38661e-05
0.000140575
0.00023801
-0.000311876
4.8077e-05
-8.67029e-05
9.33456e-05
-8.8129e-05
0.000120022
-5.69688e-05
0.000126622
-2.29043e-05
0.000113235
3.10497e-06
9.48892e-05
4.14067e-06
7.1246e-05
1.51972e-05
2.33377e-05
6.15575e-05
-5.53086e-05
0.000104733
-0.000189068
0.00018833
-0.000361242
0.00031275
0.000343225
-0.000466457
4.52472e-05
-0.00013195
8.66541e-05
-0.000129536
0.000108245
-7.85593e-05
0.000103958
-1.86174e-05
7.66449e-05
3.04178e-05
3.25154e-05
4.82702e-05
-1.3833e-05
6.15456e-05
-5.39268e-05
0.000101651
-0.000112201
0.000163008
-0.000215336
0.000291465
-0.000319237
0.000416651
0.000417886
-0.000393898
4.31355e-05
-0.000175086
8.09122e-05
-0.000167313
0.000101634
-9.92811e-05
9.37221e-05
-1.07055e-05
5.9104e-05
6.50359e-05
1.16937e-05
9.56805e-05
-2.92133e-05
0.000102453
-5.63138e-05
0.000128752
-9.97135e-05
0.000206407
-0.000159756
0.000351508
-0.000216964
0.000473859
0.000473163
-0.000272241
2.92473e-05
-0.000204333
5.52519e-05
-0.000193317
7.52333e-05
-0.000119263
7.40967e-05
-9.5689e-06
3.74227e-05
0.00010171
-1.04594e-05
0.000143563
-4.32405e-05
0.000135234
-5.43036e-05
0.000139815
-7.90327e-05
0.000231136
-9.16773e-05
0.000364152
-0.000100957
0.000483139
0.000492305
-0.000120099
-1.05785e-06
-0.000203275
9.68967e-06
-0.000204065
2.14726e-05
-0.000131045
2.49919e-05
-1.30882e-05
7.59149e-06
0.00011911
-1.87993e-05
0.000169954
-3.92034e-05
0.000155638
-5.86793e-05
0.000159291
-7.50882e-05
0.000247545
-5.51754e-05
0.000344239
-1.93353e-05
0.000447299
0.000470089
2.88065e-06
-3.23358e-05
-0.000170939
-4.9357e-05
-0.000187043
-4.87201e-05
-0.000131682
-3.56439e-05
-2.61644e-05
-3.48912e-05
0.000118358
-4.35899e-05
0.000178652
-5.97275e-05
0.000171775
-7.59722e-05
0.000175535
-7.13132e-05
0.000242886
-2.82239e-05
0.00030115
4.33414e-05
0.000375734
0.000411044
0.000102386
-6.61864e-05
-0.000104753
-0.00010445
-0.00014878
-0.000122883
-0.00011325
-0.00011401
-3.50368e-05
-9.62444e-05
0.000100592
-8.70503e-05
0.000169458
-8.84079e-05
0.000173133
-8.45771e-05
0.000171704
-6.08047e-05
0.000219114
-1.04113e-05
0.000250757
6.41005e-05
0.000301222
0.000332986
0.000142158
-7.98799e-05
-2.4873e-05
-0.000135789
-9.28706e-05
-0.000182176
-6.6863e-05
-0.000196923
-2.029e-05
-0.000169075
7.27438e-05
-0.000145142
0.000145525
-0.000119625
0.000147616
-8.90617e-05
0.000141141
-4.41185e-05
0.000174171
2.91662e-05
0.000177472
0.000115841
0.000214547
0.000242048
0.000206778
-8.44842e-05
5.96112e-05
-0.000147607
-2.97479e-05
-0.000209285
-5.18494e-06
-0.000231684
2.10951e-06
-0.000201629
4.26884e-05
-0.000146497
9.03934e-05
-8.94476e-05
9.05667e-05
-3.35628e-05
8.52563e-05
3.50704e-05
0.000105538
0.000106375
0.000106167
0.000191534
0.000129388
0.000138666
0.000294916
-3.48301e-05
9.44413e-05
-0.000109227
4.46486e-05
-0.000153119
3.87071e-05
-0.000173535
2.25258e-05
-0.000151547
2.07003e-05
-8.24597e-05
2.13062e-05
-5.2254e-06
1.33323e-05
6.77821e-05
1.22488e-05
0.000147817
2.55025e-05
0.000212133
4.18515e-05
0.000291721
4.98003e-05
4.00995e-05
0.000390288
5.09539e-05
4.34874e-05
2.98189e-05
6.57837e-05
4.15981e-05
2.69279e-05
6.63754e-05
-2.25148e-06
0.00010439
-1.73145e-05
0.000156722
-3.10258e-05
0.000211983
-4.19281e-05
0.000267895
-4.36638e-05
0.000329211
-3.58134e-05
0.00039463
-2.35675e-05
0.000454714
-1.02837e-05
0.000504048
-9.2341e-06
-0.00052133
0.000209454
-0.000631242
0.000109912
-0.000698023
6.67813e-05
-0.000708888
1.08653e-05
-0.000677697
-3.1191e-05
-0.000603922
-7.37751e-05
-0.000486581
-0.000117342
-0.00033706
-0.000149521
-0.000180292
-0.000156767
-2.36007e-05
-0.000156692
8.15574e-05
-0.000105158
8.15574e-05
-0.000537354
0.00028035
-0.000605425
0.000177983
-0.000650754
0.000112111
-0.000665402
2.5513e-05
-0.000648352
-4.82406e-05
-0.000600351
-0.000121776
-0.000507736
-0.000209957
-0.000380926
-0.000276332
-0.000231041
-0.000306652
-8.05227e-05
-0.00030721
1.57099e-05
-0.000201391
9.72673e-05
-0.000462608
0.00034906
-0.000527141
0.000242516
-0.000572045
0.000157015
-0.00059648
4.99482e-05
-0.00060044
-4.42806e-05
-0.000577031
-0.000145185
-0.000513391
-0.000273596
-0.00040971
-0.000380013
-0.000275703
-0.000440659
-0.000130144
-0.000452769
-2.67342e-05
-0.0003048
7.05331e-05
-0.000338974
0.000415793
-0.000403761
0.000307303
-0.000447211
0.000200464
-0.000489351
9.20884e-05
-0.000523622
-1.00097e-05
-0.000525958
-0.000142849
-0.000487904
-0.000311651
-0.000409023
-0.000458894
-0.000305737
-0.000543945
-0.000178207
-0.000580299
-8.19965e-05
-0.000401011
-1.14634e-05
-0.000152526
0.000448219
-0.000206629
0.000361406
-0.000265954
0.000259789
-0.000327615
0.000153749
-0.000374485
3.68603e-05
-0.000399537
-0.000117797
-0.000406162
-0.000305026
-0.000364934
-0.000500122
-0.000292392
-0.000616486
-0.000200515
-0.000672176
-0.000130782
-0.000470744
-0.000142246
7.37776e-06
0.000443722
-1.55492e-05
0.000384333
-6.19509e-05
0.000306191
-0.000118689
0.000210488
-0.000165047
8.32182e-05
-0.000204296
-7.85484e-05
-0.000246503
-0.000262819
-0.000258034
-0.000488591
-0.000236195
-0.000638325
-0.000172381
-0.00073599
-0.000104204
-0.000538921
-0.000246449
0.000137962
0.000408147
0.00015078
0.000371515
0.000132163
0.000324808
9.54104e-05
0.00024724
6.13349e-05
0.000117294
2.96948e-05
-4.69083e-05
-1.79335e-05
-0.000215191
-7.28664e-05
-0.000433658
-0.000147356
-0.000563836
-0.000149714
-0.000733631
-7.86721e-05
-0.000609963
-0.000325121
0.000204804
0.000345501
0.000245382
0.000330937
0.000268148
0.000302042
0.000283534
0.000231855
0.000277298
0.000123529
0.000253791
-2.34009e-05
0.00019574
-0.00015714
0.00011932
-0.000357238
-8.0645e-06
-0.000436452
-9.44912e-05
-0.000647205
-6.73015e-05
-0.000637153
-0.000392423
0.000299147
0.000253132
0.000367681
0.000262403
0.000430791
0.000238933
0.000485969
0.000176676
0.000496417
0.000113081
0.00045963
1.33866e-05
0.000394318
-9.18287e-05
0.000279968
-0.000242888
0.000127649
-0.000284132
-1.17412e-05
-0.000507814
-2.78511e-05
-0.000621043
-0.000420274
0.000399547
0.000148502
0.000481531
0.000180419
0.000552387
0.000168077
0.000595782
0.000133281
0.000613176
9.56876e-05
0.000607115
1.94479e-05
0.000560162
-4.48756e-05
0.000435721
-0.000118448
0.000295491
-0.000143901
0.000167605
-0.000379929
7.06478e-05
-0.000524086
-0.000349626
0.000489182
4.96078e-05
0.000575767
9.38341e-05
0.000643121
0.000100722
0.000707231
6.91707e-05
0.000768177
3.47413e-05
0.000787924
-2.9877e-07
0.000760704
-1.76555e-05
0.000675012
-3.27558e-05
0.000597593
-6.6483e-05
0.000459527
-0.000241862
0.000242718
-0.000307277
-0.000106908
0.000568766
-1.51102e-05
0.000667471
-4.87069e-06
0.000764354
3.83873e-06
0.000847136
-1.36108e-05
0.000903437
-2.15601e-05
0.000921637
-1.84983e-05
0.000919597
-1.56157e-05
0.000893211
-6.37041e-06
0.000822236
4.49223e-06
0.000588705
-8.33146e-06
0.000302975
-2.15469e-05
0.000196067
6.46007e-05
-6.46007e-05
0.00011291
-4.83093e-05
0.000148821
-3.59109e-05
0.000147987
8.33507e-07
0.000119382
2.86053e-05
7.7317e-05
4.20652e-05
3.53098e-05
4.20072e-05
4.73879e-07
3.48359e-05
-2.92589e-05
2.97328e-05
-9.05367e-05
6.12778e-05
-0.000225349
0.000134812
0.000227367
-0.000452716
7.05794e-05
-0.00013518
0.000134065
-0.000111795
0.000170462
-7.23079e-05
0.000165035
6.25999e-06
0.000126608
6.70329e-05
7.17514e-05
9.69214e-05
4.21165e-07
0.000113337
-7.4225e-05
0.000109482
-0.000167231
0.000122739
-0.000313876
0.000207923
-0.000489619
0.000310555
0.00034305
-0.000605302
8.08796e-05
-0.00021606
0.000150022
-0.000180937
0.000177007
-9.92929e-05
0.000168669
1.45984e-05
0.000121862
0.000113839
5.13522e-05
0.000167431
-2.54696e-05
0.000190159
-0.000118273
0.000202285
-0.000227338
0.000231805
-0.00033872
0.000319304
-0.000437986
0.000409821
0.000439681
-0.000534618
7.62947e-05
-0.000292354
0.000132422
-0.000237065
0.000144951
-0.000111822
0.000136476
2.30734e-05
0.000101162
0.000149153
3.89307e-05
0.000229663
-2.82755e-05
0.000257365
-0.00010797
0.000281979
-0.000191087
0.000314922
-0.000254728
0.000382945
-0.000315929
0.000471022
0.000513305
-0.000389552
4.62696e-05
-0.000338624
6.22176e-05
-0.000253013
4.37915e-05
-9.33955e-05
2.24908e-05
4.43741e-05
-4.08208e-06
0.000175726
-3.81401e-05
0.000263721
-8.50699e-05
0.000304295
-0.000130939
0.000327848
-0.000164394
0.000348377
-0.000169619
0.00038817
-0.000151187
0.00045259
0.000509945
-0.000147827
-2.15678e-05
-0.000317056
-6.45149e-05
-0.000210066
-9.60136e-05
-6.18968e-05
-0.00010474
5.3101e-05
-0.000110276
0.000181262
-0.000111209
0.000264654
-0.000119565
0.000312651
-0.000124266
0.000332549
-0.000126286
0.000350397
-0.000106352
0.000368235
-4.52322e-05
0.00039147
0.00043711
2.76028e-05
-4.70788e-05
-0.000269977
-0.000106716
-0.000150428
-0.000141003
-2.76104e-05
-0.00014268
5.47786e-05
-0.000128226
0.000166807
-0.000105382
0.00024181
-9.60581e-05
0.000303327
-9.20487e-05
0.00032854
-8.71423e-05
0.000345491
-6.73892e-05
0.000348482
-1.90287e-05
0.00034311
0.000365127
5.29547e-05
-6.48411e-05
-0.000205136
-0.000132753
-8.2516e-05
-0.000168389
8.02556e-06
-0.000162517
4.89065e-05
-0.000131262
0.000135552
-9.89122e-05
0.000209461
-8.59597e-05
0.000290375
-8.34112e-05
0.000325991
-8.57451e-05
0.000347825
-8.54135e-05
0.000348151
-7.90191e-05
0.000336716
0.000318985
-3.28772e-05
-9.80693e-05
-0.000107067
-0.000186381
5.79513e-06
-0.000233443
5.5088e-05
-0.000235276
5.07393e-05
-0.000218602
0.000118879
-0.000204919
0.000195778
-0.000197795
0.000283251
-0.000207081
0.000335277
-0.000218721
0.000359465
-0.000221821
0.000351251
-0.000208225
0.000323119
0.000253686
-0.000142926
-0.000182528
7.54614e-05
-0.000254621
7.78879e-05
-0.000297446
9.7913e-05
-0.000319028
7.23214e-05
-0.000332784
0.000132634
-0.000330384
0.000193378
-0.000302045
0.000254912
-0.000270656
0.000303887
-0.000230567
0.000319376
-0.000168605
0.000289289
-5.13123e-05
0.000205827
7.73366e-05
0.000125037
-0.000139909
0.00021537
-0.000225636
0.000163615
-0.000268056
0.000140334
-0.000284002
8.82667e-05
-0.00027454
0.000123172
-0.000246388
0.000165227
-0.000176274
0.000184798
-6.7163e-05
0.000194776
5.59135e-05
0.0001963
0.000209506
0.000135697
0.000397447
1.78846e-05
-9.13671e-05
0.000566151
1.40607e-05
0.000201309
-4.17386e-06
0.00018185
-3.04245e-05
0.000166584
-7.12098e-05
0.000129052
-6.5192e-05
0.000117154
-4.50938e-06
0.000104544
9.97977e-05
8.04908e-05
0.000248226
4.63469e-05
0.000420278
2.42475e-05
0.000585434
-2.94586e-05
0.0007032
-9.98812e-05
0.000773415
-0.000161582
-0.000674123
0.000221408
-0.000798269
0.000124145
-0.000870066
7.1797e-05
-0.000865242
-4.82385e-06
-0.000796675
-6.85663e-05
-0.000665647
-0.000131029
-0.000477637
-0.000188009
-0.000251504
-0.000226133
-2.10706e-06
-0.000249397
0.000191387
-0.000193494
0.000166578
2.48089e-05
0.000166578
-0.000695185
0.000311291
-0.000785579
0.000214539
-0.000835843
0.000122062
-0.000834924
-5.74368e-06
-0.000781421
-0.000122069
-0.000692155
-0.000220295
-0.000561864
-0.0003183
-0.000407373
-0.000380624
-0.000232975
-0.000423796
-4.45828e-05
-0.000381886
2.16158e-05
-4.13896e-05
0.000188194
-0.000629141
0.000405815
-0.000725818
0.000311215
-0.000780821
0.000177064
-0.000786237
-3.26934e-07
-0.000733185
-0.000175121
-0.000662689
-0.000290791
-0.000565971
-0.000415019
-0.000453681
-0.000492913
-0.00032489
-0.000552587
-0.000188459
-0.000518316
-1.5752e-05
-0.000214097
0.000172442
-0.00046713
0.000483392
-0.000539972
0.000384058
-0.000568209
0.000205301
-0.000563514
-5.02202e-06
-0.000530036
-0.000208599
-0.000473263
-0.000347564
-0.000400989
-0.000487292
-0.000322755
-0.000571148
-0.000209201
-0.000666141
-7.48346e-05
-0.000652683
4.37606e-05
-0.000332692
0.000216203
-0.000159163
0.000494727
-0.000173035
0.000397931
-0.000183086
0.000215351
-0.000193723
5.6158e-06
-0.000214298
-0.000188025
-0.000217896
-0.000343966
-0.000200686
-0.000504502
-0.000179177
-0.000592657
-0.000105657
-0.000739661
5.4765e-06
-0.000763816
5.68338e-05
-0.00038405
0.000273036
7.37609e-05
0.000448569
0.000103707
0.000367985
0.000116245
0.000202813
0.000102853
1.90075e-05
6.39723e-05
-0.000149143
1.33633e-05
-0.000293357
-4.0214e-05
-0.000450924
-7.92703e-05
-0.000553601
-3.54841e-05
-0.000783447
5.54162e-05
-0.000854716
6.3972e-05
-0.000392605
0.000337008
0.000132219
0.000369305
0.000204259
0.000295944
0.000250448
0.000156624
0.000250953
1.85029e-05
0.000212807
-0.000110997
0.00013774
-0.00021829
4.57714e-05
-0.000358956
-2.30818e-05
-0.000484748
-1.62242e-05
-0.000790305
4.0728e-05
-0.000911669
6.73741e-05
-0.000419252
0.000404383
7.09694e-05
0.000265458
0.000188709
0.000178205
0.000271083
7.42495e-05
0.000289053
5.33259e-07
0.000261092
-8.30356e-05
0.000186587
-0.000143785
7.68089e-05
-0.000249179
-1.73998e-05
-0.000390539
-9.38468e-05
-0.000713858
-0.000126342
-0.000879173
-2.84744e-05
-0.000517119
0.000375908
-2.49755e-06
0.00012503
0.000165211
1.04964e-05
0.00028676
-4.73003e-05
0.000348653
-6.13593e-05
0.000352551
-8.69333e-05
0.000315867
-0.000107101
0.000223329
-0.000156641
9.75949e-05
-0.000264805
-7.60824e-05
-0.00054018
-0.00025111
-0.000704146
-0.000167765
-0.000600464
0.000208144
0.000293119
-4.30509e-05
0.00040958
-0.000105965
0.000491642
-0.000129362
0.000569857
-0.000139575
0.000611671
-0.000128747
0.000617319
-0.00011275
0.000565773
-0.000105095
0.000410662
-0.000109694
7.43818e-05
-0.0002039
-0.00028422
-0.000345544
-0.000321004
-0.00056368
-0.00011286
0.000667586
-0.000144486
0.000717195
-0.000155574
0.000742085
-0.000154252
0.000746806
-0.000144296
0.000749903
-0.000131844
0.000753667
-0.000116513
0.000744589
-9.60165e-05
0.000706352
-7.14565e-05
0.000552795
-5.03432e-05
0.000268041
-6.07901e-05
1.08632e-05
-0.000306503
-0.000101997
0.000817368
-0.000188439
0.000849629
-0.000187834
0.000868523
-0.000173146
0.000874081
-0.000149853
0.000870274
-0.000128038
0.000859026
-0.000105265
0.000848696
-8.56869e-05
0.000828274
-5.10345e-05
0.000788133
-1.02015e-05
0.000693862
3.3481e-05
0.000335904
5.14549e-05
0.000233907
0.000158583
-0.000158583
0.000293845
-0.000135262
0.000416943
-0.000123099
0.000522914
-0.000105971
0.000608807
-8.58925e-05
0.000665101
-5.62941e-05
0.000690048
-2.49473e-05
0.000677378
1.26706e-05
0.000628103
4.92748e-05
0.000546605
8.14982e-05
0.000451159
9.54463e-05
0.000102336
0.000348823
0.000105672
-0.000264255
0.000210157
-0.000239747
0.000297457
-0.000210398
0.000376178
-0.000184692
0.000435325
-0.00014504
0.000479653
-0.000100621
0.000510643
-5.59382e-05
0.000519034
4.2803e-06
0.000503806
6.45025e-05
0.000455973
0.000129331
0.000389691
0.000161728
0.000172523
0.000319504
4.63506e-05
-0.000310605
9.60729e-05
-0.000289469
0.000130482
-0.000244807
0.000165926
-0.000220136
0.000192722
-0.000171836
0.000219612
-0.000127512
0.000243099
-7.94253e-05
0.000254009
-6.62917e-06
0.000260008
5.85033e-05
0.000251169
0.000138171
0.000219129
0.000193767
0.000205356
0.000186296
2.02547e-05
-0.00033086
3.91677e-05
-0.000308382
6.87704e-05
-0.00027441
0.000107584
-0.00025895
0.000141917
-0.000206169
0.000166357
-0.000151952
0.000156598
-6.96659e-05
0.000125843
2.41255e-05
9.77228e-05
8.66236e-05
8.02634e-05
0.00015563
6.84958e-05
0.000205535
0.000208439
6.54133e-05
1.78335e-05
-0.000348694
4.14593e-05
-0.000332008
7.70741e-05
-0.000310025
0.000142696
-0.000324572
0.000219595
-0.000283068
0.000276668
-0.000209025
0.00025125
-4.42474e-05
0.000152963
0.000122412
7.21563e-05
0.000167431
1.56551e-05
0.000212131
-8.45151e-06
0.000229641
0.000211381
-1.13936e-05
2.16217e-05
-0.000370315
5.73251e-05
-0.000367711
0.000102114
-0.000354814
0.000193392
-0.000415849
0.000317292
-0.000406968
0.000390642
-0.000282375
0.000339877
6.51769e-06
0.000203794
0.000258495
7.26919e-05
0.000298533
-2.22582e-05
0.000307081
-6.60833e-05
0.000273467
0.000215133
-6.9835e-05
-3.48501e-06
-0.00036683
9.86058e-06
-0.000381057
6.10441e-05
-0.000405997
0.000164731
-0.000519536
0.000300545
-0.000542783
0.000365548
-0.000347378
0.000272597
9.94687e-05
0.00013074
0.000400352
1.7175e-05
0.000412098
-6.30904e-05
0.000387346
-8.96643e-05
0.00030004
0.000212376
-8.69076e-05
-5.84508e-05
-0.000308379
-8.33784e-05
-0.000356129
-6.85989e-05
-0.000420777
-1.13492e-05
-0.000576786
7.57829e-05
-0.000629915
0.000106315
-0.00037791
4.8853e-05
0.000156931
-1.16443e-05
0.00046085
-6.04251e-05
0.000460879
-7.79754e-05
0.000404897
-8.84963e-05
0.000310561
0.000227468
-0.000103588
-0.000108905
-0.000199475
-0.000214222
-0.000250812
-0.000296928
-0.000338071
-0.000363666
-0.000510048
-0.000402014
-0.000591567
-0.000384272
-0.000395653
-0.000335949
0.000108608
-0.000282072
0.000406973
-0.000237049
0.000415855
-0.000193912
0.00036176
-0.000205667
0.000322316
0.000286859
-0.000265058
-0.000171277
-2.81973e-05
-0.000281389
-0.000140701
-0.000392031
-0.000227428
-0.000543685
-0.000358393
-0.000688658
-0.000446594
-0.000730326
-0.000353984
-0.000617878
-3.83978e-06
-0.000536403
0.000325497
-0.000466943
0.000346396
-0.000386928
0.000281745
-0.000355881
0.000291269
0.000278964
-0.000347986
-0.000138222
0.000110025
-0.000221179
-5.77435e-05
-0.000348866
-9.97415e-05
-0.000575563
-0.000131697
-0.000793792
-0.000228364
-0.000934121
-0.000213656
-0.000795048
-0.000142912
-0.000585511
0.00011596
-0.000494838
0.000255723
-0.000420545
0.000207452
-0.000355005
0.000225728
0.000231147
-0.000307188
-8.65217e-05
0.000196546
-0.000192364
4.80986e-05
-0.000255261
-3.68447e-05
-0.000488485
0.000101527
-0.000780911
6.40615e-05
-0.000989743
-4.82397e-06
-0.000948376
-0.000184279
-0.000591897
-0.000240519
-0.000388269
5.20951e-05
-0.000323118
0.000142301
-0.000276035
0.000178646
-0.000232523
0.000187635
0.000258897
8.99253e-05
0.00019779
6.11074e-05
0.000158484
3.93056e-05
0.000123676
3.48083e-05
9.01432e-05
3.3533e-05
8.54166e-05
4.72656e-06
8.05109e-05
4.90579e-06
3.79848e-05
4.25261e-05
2.98864e-06
3.49962e-05
-5.25032e-06
8.23895e-06
-6.05239e-06
8.0207e-07
-6.05239e-06
0.000251588
0.000157842
0.000188682
0.000124013
0.000129175
9.8812e-05
8.17637e-05
8.222e-05
5.77832e-05
5.75135e-05
4.08313e-05
2.16785e-05
2.80456e-05
1.76915e-05
2.37229e-05
4.68487e-05
7.24378e-06
5.14753e-05
-1.18954e-05
2.73782e-05
1.536e-06
-1.26294e-05
-4.51639e-06
0.00016013
0.000184008
0.000127879
0.000156264
9.69569e-05
0.000129734
8.21968e-05
9.698e-05
7.83766e-05
6.13337e-05
7.75051e-05
2.255e-05
7.77056e-05
1.74911e-05
8.68209e-05
3.77333e-05
7.83059e-05
5.99903e-05
5.34225e-05
5.22615e-05
3.36793e-05
7.1139e-06
2.91629e-05
7.4829e-05
0.000174592
8.28929e-05
0.0001482
8.60425e-05
0.000126585
9.28061e-05
9.02165e-05
0.000125398
2.87416e-05
0.000166708
-1.876e-05
0.000193589
-9.3893e-06
0.000190099
4.12233e-05
0.000150206
9.98824e-05
0.000104012
9.84565e-05
4.83352e-06
0.000106292
3.39964e-05
-6.53884e-06
0.000169737
2.74501e-05
0.000114211
8.96678e-05
6.4367e-05
0.000157825
2.20597e-05
0.000218558
-3.19921e-05
0.000264161
-6.43629e-05
0.000278856
-2.40844e-05
0.000239045
8.10342e-05
0.00016816
0.000170767
8.38812e-05
0.000182736
-2.76495e-05
0.000217823
6.34688e-06
-2.87801e-05
0.000128682
3.83264e-05
4.71046e-05
8.85438e-05
1.41496e-05
0.000106633
3.97072e-06
0.000102013
-2.73719e-05
0.000123104
-8.54548e-05
0.000187797
-8.87767e-05
0.000171945
9.68863e-05
5.85169e-05
0.000284195
2.33993e-05
0.000217853
3.93703e-05
0.000201852
4.57171e-05
-7.33018e-05
0.000115077
-0.000118875
9.26776e-05
-0.000222805
0.00011808
-0.00030805
8.92155e-05
-0.000294419
-4.10033e-05
-0.00021293
-0.000166943
-4.0126e-05
-0.000261581
0.000124266
-6.75061e-05
9.28834e-05
0.000315578
6.78053e-05
0.000242931
9.07214e-05
0.000178936
0.000136439
-0.000171408
0.000182896
-0.000285783
0.000207053
-0.000366816
0.000199113
-0.000372017
9.44164e-05
-0.00036285
-5.01695e-05
-0.000325601
-0.000204192
-0.000235416
-0.000351766
3.11397e-05
-0.000334062
0.000245088
0.00010163
0.000143514
0.000344505
7.82207e-05
0.000244228
0.000214659
-0.000342181
0.000260019
-0.000398648
0.00026352
-0.000434851
0.000235316
-0.000453517
0.000113082
-0.000455469
-4.82178e-05
-0.000392487
-0.000267174
-0.000279113
-0.00046514
-5.4522e-05
-0.000558653
0.000192698
-0.00014559
8.29284e-05
0.000454275
1.36976e-06
0.000325787
0.000216029
-0.000350708
0.00026274
-0.000369393
0.000282206
-0.000392468
0.000258391
-0.000415192
0.000135806
-0.000435562
-2.78472e-05
-0.000446276
-0.00025646
-0.000458757
-0.00045266
-0.000393191
-0.000624219
-0.00010612
-0.000432661
-1.31893e-05
0.000361345
-3.19108e-05
0.000344509
0.000184118
-0.000274329
0.000229882
-0.000265616
0.000273493
-0.000228156
0.000220931
-0.000177063
8.47121e-05
-0.00017952
-2.53902e-05
-0.000299949
-0.00013603
-0.000477468
-0.000275141
-0.000616096
-0.000485591
-0.000533732
-0.000515025
-0.00019939
2.70029e-05
-8.50698e-06
0.000153626
0.000175611
-0.000158543
0.000155901
-8.4676e-05
0.000199626
-6.6718e-06
0.000142927
3.38514e-05
4.4189e-05
5.61686e-05
-4.77073e-05
4.38699e-05
-0.000123732
-8.1866e-05
-0.000149406
-0.00038631
-0.000181147
-0.000639621
-0.000261714
-0.000390214
-0.000222404
-9.34278e-05
-0.000143161
8.21834e-05
-2.12647e-06
2.12647e-06
1.47367e-06
-3.60014e-06
2.62023e-06
-1.14657e-06
9.02373e-06
-6.40349e-06
1.182e-05
-2.79624e-06
1.0013e-05
1.807e-06
4.99303e-06
5.01993e-06
-2.38203e-06
7.37506e-06
-1.88834e-05
1.65013e-05
-3.96717e-05
2.07883e-05
-6.8293e-05
2.86213e-05
6.74674e-05
-0.00013576
-2.66163e-06
4.7881e-06
-3.67128e-06
-2.59049e-06
-5.86893e-06
1.05108e-06
-9.49785e-06
-2.77456e-06
-1.89389e-05
6.64479e-06
-3.08949e-05
1.3763e-05
-5.08735e-05
2.49985e-05
-7.54074e-05
3.1909e-05
-0.000111578
5.26715e-05
-0.00017121
8.04207e-05
-0.000263422
0.000120833
0.000165696
-0.00036165
-1.2612e-06
6.0493e-06
1.39387e-07
-3.99107e-06
1.25301e-06
-6.25381e-08
-5.69568e-07
-9.51988e-07
-1.27339e-05
1.88091e-05
-3.16762e-05
3.27053e-05
-6.28364e-05
5.61587e-05
-9.9534e-05
6.86065e-05
-0.000134815
8.79528e-05
-0.000192542
0.000138147
-0.000282689
0.000210981
0.000232383
-0.000349377
6.4372e-06
-3.87897e-07
1.06144e-05
-8.16826e-06
1.453e-05
-3.97813e-06
1.79698e-05
-4.39177e-06
8.74389e-06
2.8035e-05
-1.40191e-05
5.54683e-05
-5.25476e-05
9.46872e-05
-0.000105093
0.000121152
-0.000155581
0.000138441
-0.000205929
0.000188495
-0.000263452
0.000268504
0.000277695
-0.000308764
-5.68037e-06
5.29247e-06
4.57889e-07
-1.43065e-05
1.10922e-05
-1.46124e-05
2.34008e-05
-1.67004e-05
2.43281e-05
2.71078e-05
-5.71343e-07
8.03677e-05
-5.04036e-05
0.000144519
-0.000108946
0.000179694
-0.000162518
0.000192013
-0.00019245
0.000218427
-0.000203712
0.000279766
0.000297033
-0.000223049
-3.88387e-06
9.17633e-06
8.79382e-06
-2.69842e-05
3.11881e-05
-3.70067e-05
4.42435e-05
-2.97557e-05
4.14198e-05
2.99314e-05
6.36313e-06
0.000115424
-4.76044e-05
0.000198487
-0.000104345
0.000236435
-0.000148149
0.000235816
-0.000156665
0.000226944
-0.000137273
0.000260373
0.000279405
-0.000119644
4.07657e-06
5.09976e-06
6.31335e-06
-2.9221e-05
1.61619e-05
-4.68553e-05
1.46921e-05
-2.8286e-05
-1.49041e-05
5.95277e-05
-6.59711e-05
0.000166491
-0.000116276
0.000248792
-0.000145738
0.000265897
-0.000154973
0.000245052
-0.000142408
0.000214378
-9.82034e-05
0.000216168
0.000226406
-4.52052e-05
-3.01995e-05
3.52992e-05
-5.81895e-05
-1.23099e-06
-9.38148e-05
-1.123e-05
-0.000138709
1.66084e-05
-0.00019158
0.000112399
-0.000216108
0.000191019
-0.00021064
0.000243324
-0.000195392
0.000250649
-0.000169669
0.000219328
-0.000137459
0.000182168
-9.12827e-05
0.000169993
0.000155227
-2.01038e-05
-4.33766e-05
7.86759e-05
-0.000106036
6.14282e-05
-0.000186957
6.96908e-05
-0.000268745
9.83965e-05
-0.000315151
0.000158805
-0.000298921
0.000174789
-0.00023884
0.000183243
-0.000177517
0.000189326
-0.00013236
0.000174171
-9.874e-05
0.000148548
-6.1363e-05
0.000132616
9.18861e-05
1.97834e-06
-4.58892e-05
0.000124565
-7.43865e-05
8.99256e-05
-0.000134724
0.000130028
-0.00020113
0.000164803
-0.000229205
0.000186879
-0.000219699
0.000165284
-0.000170695
0.000134239
-0.000106182
0.000124813
-5.42989e-05
0.000122288
-1.86658e-05
0.000112915
2.02174e-05
9.37324e-05
3.9608e-05
7.24955e-05
-1.17012e-05
0.000136266
-1.04308e-05
8.86551e-05
-1.49243e-05
0.000134521
-2.58643e-05
0.000175743
-1.29412e-05
0.000173956
1.85077e-05
0.000133835
6.45672e-05
8.81798e-05
0.000118677
7.07038e-05
0.000166323
7.4641e-05
0.00020234
7.68988e-05
0.000243875
5.21974e-05
3.94571e-06
0.000279537
6.47731e-05
7.14932e-05
8.93885e-05
6.40397e-05
0.000128475
9.54351e-05
0.00016401
0.000140208
0.000198371
0.000139595
0.000234962
9.72437e-05
0.000270787
5.23543e-05
0.000308505
3.29865e-05
0.000340709
4.24363e-05
0.000363434
5.41742e-05
0.000380096
3.55352e-05
0.000381673
2.36846e-06
-0.000243903
0.000108142
-0.000336509
9.26063e-05
-0.000367595
3.10856e-05
-0.000358641
-8.9535e-06
-0.000314722
-4.3919e-05
-0.000242867
-7.18552e-05
-0.0001528
-9.00666e-05
-4.50831e-05
-0.000107717
6.02677e-05
-0.000105351
0.000105211
-4.4943e-05
7.03627e-05
3.4848e-05
7.03627e-05
-0.000404484
0.000150976
-0.000416002
0.000104125
-0.000410663
2.5746e-05
-0.000390133
-2.94836e-05
-0.000346425
-8.76264e-05
-0.000285946
-0.000132334
-0.00021329
-0.000162723
-0.000136569
-0.000184438
-5.08959e-05
-0.000191024
1.74379e-05
-0.000113277
9.52261e-06
4.27633e-05
7.98853e-05
-0.000397531
0.000199131
-0.000424469
0.000131062
-0.000428579
2.98564e-05
-0.000404784
-5.32787e-05
-0.000355829
-0.000136581
-0.000295228
-0.000192935
-0.000223922
-0.000234029
-0.000148616
-0.000259743
-8.27452e-05
-0.000256895
-7.62575e-06
-0.000188396
7.06018e-06
2.80774e-05
8.69455e-05
-0.000348131
0.000238497
-0.000377123
0.000160055
-0.000385062
3.77948e-05
-0.000354999
-8.33413e-05
-0.000298092
-0.000193488
-0.000228416
-0.000262612
-0.000150352
-0.000312093
-6.44326e-05
-0.000345663
-8.92236e-07
-0.000320435
3.4188e-05
-0.000223477
2.43517e-05
3.79137e-05
0.000111297
-0.000242924
0.000258372
-0.000256518
0.000173649
-0.000252229
3.35054e-05
-0.000224097
-0.000111473
-0.000185839
-0.000231746
-0.000133422
-0.000315029
-7.00872e-05
-0.000375428
1.10857e-06
-0.000416859
6.79729e-05
-0.0003873
7.47166e-05
-0.00023022
5.0599e-05
6.20314e-05
0.000161896
-9.32163e-05
0.000231944
-6.65933e-05
0.000147026
-4.35607e-05
1.04728e-05
-2.87475e-05
-0.000126286
-2.98187e-05
-0.000230675
-3.34563e-05
-0.000311391
-1.46373e-05
-0.000394247
3.51411e-05
-0.000466637
9.54305e-05
-0.000447589
8.144e-05
-0.00021623
4.71917e-05
9.62797e-05
0.000209088
1.17031e-05
0.000175036
6.2879e-05
9.58501e-05
9.79553e-05
-2.46035e-05
9.94645e-05
-0.000127796
8.17895e-05
-0.000213
4.99482e-05
-0.00027955
1.09574e-05
-0.000355256
-2.90252e-05
-0.000426654
-4.17932e-05
-0.000434821
-5.2409e-05
-0.000205614
2.49484e-07
4.36213e-05
0.000209337
4.98804e-05
0.000105051
0.000110402
3.53287e-05
0.000150367
-6.45688e-05
0.000157697
-0.000135125
0.0001289
-0.000184203
6.58727e-05
-0.000216523
-2.99402e-05
-0.000259443
-0.000156724
-0.00029987
-0.000251409
-0.000340137
-0.000227039
-0.000229984
-0.000103781
-7.96367e-05
0.000105557
7.53044e-05
3.17255e-05
0.000130698
-2.00648e-05
0.000169084
-0.000102955
0.00018235
-0.000148391
0.000148213
-0.000150065
7.93684e-05
-0.000147679
-4.3574e-06
-0.000175717
-0.000128994
-0.000175234
-0.000257966
-0.000211165
-0.000272107
-0.000215844
-0.000193979
-0.000157765
-8.8422e-05
0.000138052
-3.38314e-05
0.000192057
-7.40693e-05
0.000210885
-0.000121783
0.000202118
-0.000139625
0.000170419
-0.000118366
0.000144659
-0.000121918
0.000105836
-0.000136894
4.32193e-05
-0.000112617
-5.94877e-05
-0.000108458
-0.000123678
-0.000151653
-0.000106543
-0.0001749
-0.000194965
0.000295971
-5.02652e-05
0.000302851
-8.09495e-05
0.000277735
-9.66674e-05
0.000241604
-0.000103494
0.000224956
-0.000101719
0.000213353
-0.000110315
0.000175046
-9.85869e-05
0.000117461
-5.50318e-05
6.34429e-05
-5.44399e-05
1.79286e-05
-0.000106139
3.13763e-06
-0.000160109
-0.000191827
0.00037607
-4.46618e-05
0.00036497
-6.98492e-05
0.00033709
-6.87878e-05
0.000306853
-7.32567e-05
0.00028116
-7.6025e-05
0.000229792
-5.89473e-05
0.000171069
-3.98639e-05
0.000137852
-2.18155e-05
0.000117234
-3.3822e-05
7.29016e-05
-6.1806e-05
3.87618e-05
-0.000125969
-0.000153066
0.00020289
-8.2678e-05
-7.6725e-05
0.000347244
-7.85696e-05
0.000453669
-7.94978e-05
0.000531406
-7.99881e-05
0.00059048
-7.63881e-05
0.000630012
-7.05582e-05
0.000652786
-6.47023e-05
0.000666891
-5.7769e-05
0.000679649
-4.85713e-05
0.00069644
-4.03583e-05
0.000719943
-3.37865e-05
-3.0162e-05
0.000740871
0.00077118
-0.000115033
-0.000738825
0.000797542
-0.000104932
0.000814544
-9.64995e-05
0.000823264
-8.87091e-05
0.00082825
-8.13738e-05
0.000831258
-7.35663e-05
0.000833294
-6.6738e-05
0.000834649
-5.9124e-05
0.000836039
-4.99614e-05
0.000838903
-4.32226e-05
0.000843405
-3.82876e-05
-3.66476e-05
0.00084989
0.000893227
-0.00011969
-0.000888569
0.000896286
-0.00010799
0.00089869
-9.8904e-05
0.000901194
-9.12129e-05
0.000903652
-8.38317e-05
0.000905898
-7.58124e-05
0.000908223
-6.90625e-05
0.000911034
-6.19356e-05
0.000915729
-5.46561e-05
0.000922429
-4.99227e-05
0.000930006
-4.58645e-05
-4.21579e-05
0.000935516
0.000962786
-0.000952737
-0.00012974
0.000972777
-0.000117982
0.000981462
-0.000107589
0.000988272
-9.80231e-05
0.000993478
-8.90372e-05
0.000996169
-7.85032e-05
0.000996581
-6.94752e-05
0.000994114
-5.94682e-05
0.000988141
-4.86833e-05
0.000980296
-4.20779e-05
0.000975827
-4.13953e-05
0.000985086
-5.14172e-05
0.000751066
-2.53057e-05
0.000770807
-2.46113e-05
0.000802396
-2.77509e-05
0.000818248
-2.94628e-05
0.000821333
-2.4645e-05
0.000820193
-1.73582e-05
0.000813774
-9.1963e-06
0.000807728
-3.24132e-07
0.000798632
1.35874e-05
0.000765512
2.47889e-05
0.000679623
6.43424e-05
0.000247496
0.000628193
0.00086198
-3.73958e-05
0.000873527
-3.61576e-05
0.000878546
-3.27708e-05
0.000879306
-3.0222e-05
0.000882208
-2.75475e-05
0.000887062
-2.22115e-05
0.000893333
-1.54683e-05
0.000900887
-7.87742e-06
0.000904496
9.97865e-06
0.000900687
2.85969e-05
0.000884488
8.05417e-05
0.000269631
0.000862353
0.000937402
-3.92816e-05
0.000938705
-3.74604e-05
0.000940738
-3.48037e-05
0.000941365
-3.08486e-05
0.000941495
-2.76785e-05
0.000940527
-2.12435e-05
0.000936479
-1.142e-05
0.000932758
-4.15661e-06
0.000929312
1.34249e-05
0.00092334
3.45693e-05
0.000915145
8.87364e-05
0.000283685
0.000901091
0.00100833
-6.25207e-05
0.00105056
-7.96977e-05
0.0011104
-9.46387e-05
0.0011885
-0.000108946
0.001292
-0.000131185
0.00137843
-0.000107675
0.00141022
-4.32099e-05
0.00141314
-7.07073e-06
0.00141086
1.57059e-05
0.00137359
7.18368e-05
0.001289
0.000173322
0.00119617
0.000376515
0.000583152
0.000246351
0.000542543
0.000222459
0.000521421
0.000187706
0.000504755
0.000145718
0.000516582
0.000105328
0.000559121
6.20055e-05
0.000614268
2.53435e-05
0.000672319
-1.17044e-05
0.000731657
-3.50902e-05
0.00078046
-7.82612e-05
0.000823144
-0.000142565
-0.000210322
0.000871883
0.000835806
0.000272899
0.00081448
0.000243784
0.00080393
0.000198256
0.000807551
0.000142097
0.000818316
9.45626e-05
0.000828651
5.16702e-05
0.000841694
1.23008e-05
0.000863429
-3.34396e-05
0.000894811
-6.64726e-05
0.00094718
-0.00013063
0.00101814
-0.00021353
-0.000294218
0.00110204
0.000883413
0.000290577
0.000865568
0.000261628
0.000855684
0.000208141
0.000858239
0.000139542
0.000869151
8.36509e-05
0.000891543
2.92783e-05
0.000934593
-3.07496e-05
0.000993662
-9.25082e-05
0.00107333
-0.000146137
0.00117534
-0.000232639
0.00127738
-0.000315572
-0.000404262
0.00138742
0.00109319
0.000393558
0.00102705
0.000327774
0.00100775
0.000227436
0.00105334
9.39529e-05
0.00114061
-3.61369e-06
0.00121404
-4.41596e-05
0.00124593
-6.26395e-05
0.00124687
-9.34466e-05
0.00127356
-0.000172823
0.00136602
-0.000325102
0.00147719
-0.000426741
0.00158236
-0.000509437
0.00091545
-0.000232007
0.000945112
-0.000217496
0.000959042
-0.000187076
0.00096149
-0.000152302
0.000956673
-0.00012322
0.000947142
-9.57344e-05
0.000935428
-7.3973e-05
0.000928057
-4.3663e-05
0.000926519
-8.66431e-06
0.000916072
4.39284e-05
0.000861252
0.000106275
0.000261972
0.000833187
0.00116012
-0.000290087
0.00117544
-0.000232818
0.00115528
-0.000166912
0.00111888
-0.000115901
0.00108225
-8.65892e-05
0.00105361
-6.70931e-05
0.00102783
-4.82e-05
0.00100173
-1.75581e-05
0.000978272
1.47912e-05
0.000956438
6.57631e-05
0.000947096
0.000115616
0.000221482
0.000987585
0.0014419
-0.00034457
0.00144404
-0.000234952
0.00141387
-0.000136743
0.0013693
-7.13326e-05
0.00132095
-3.82342e-05
0.00127073
-1.68805e-05
0.00121523
7.30411e-06
0.00116599
3.16764e-05
0.00111657
6.42201e-05
0.0010662
0.000116132
0.00102781
0.000153999
0.000225928
0.00102337
0.00161746
-0.000379662
0.00161337
-0.000230864
0.00159697
-0.000120344
0.00157294
-4.73067e-05
0.00154415
-9.44563e-06
0.00150512
2.21568e-05
0.00145516
5.7266e-05
0.00140166
8.51722e-05
0.0013396
0.000126281
0.00127883
0.000176898
0.00121702
0.00021581
0.00116331
0.000279642
0.000709627
0.000320107
0.000432289
0.000325436
0.000128225
0.000267219
-5.89936e-05
0.000288746
-0.000309905
0.000314973
-0.000616418
0.000301689
-0.00084014
3.94423e-05
-0.000659472
-0.000421187
-0.000274584
-0.000332792
-9.90696e-05
-3.32137e-05
-6.32198e-05
0.000142796
0.000136347
-1.19321e-05
0.00100824
0.000299452
0.000949162
0.000384514
0.000775342
0.000441039
0.00061501
0.000449078
0.000508429
0.000421554
0.000443163
0.000366955
0.000271393
0.000211213
-2.20205e-05
-0.000127774
-2.2127e-05
-0.000332686
0.000106497
-0.000161838
0.000227335
2.19585e-05
3.70115e-05
0.000326671
0.00103463
0.000288191
0.00103953
0.000379616
0.00101815
0.000462419
0.000979587
0.000487638
0.000930321
0.00047082
0.000938856
0.00035842
0.000987227
0.000162843
0.000824956
3.44964e-05
0.0005193
-2.70294e-05
0.000427224
-6.97624e-05
0.000560753
-0.00011157
-0.000150921
0.000748686
0.00112826
0.000323236
0.00111141
0.000396469
0.00109561
0.000478218
0.00107786
0.000505388
0.0010601
0.000488577
0.00107562
0.000342905
0.00113656
0.000101902
0.00112654
4.45142e-05
0.00107038
2.91312e-05
0.00110438
-0.000103762
0.00119217
-0.000199359
0.00119713
-0.000155877
6.58263e-05
7.81426e-05
0.000180065
8.53874e-05
0.000298056
2.49364e-05
0.000386239
-4.39939e-05
0.000454897
-0.000116366
0.000473589
-0.000142424
0.000457078
-0.000132894
0.000394056
-0.000118125
0.00026026
-0.000127919
0.000147009
-0.000109153
0.000106799
-0.00010295
-3.39747e-05
0.000222957
0.000406477
-1.66391e-06
0.000545714
-5.38496e-05
0.000706959
-0.000136309
0.000834343
-0.000171377
0.000892831
-0.000174853
0.000896633
-0.000146226
0.000887397
-0.000123658
0.000876402
-0.000107129
0.00085412
-0.000105637
0.00083538
-9.04127e-05
0.000807957
-7.55272e-05
-3.68754e-05
0.000810858
0.000939997
-0.000192974
0.00108919
-0.000203046
0.00114785
-0.000194966
0.00113607
-0.000159597
0.00109837
-0.000137154
0.00106622
-0.000114071
0.00104529
-0.000102731
0.00102679
-8.86357e-05
0.00100186
-8.07043e-05
0.000972726
-6.1276e-05
0.000945194
-4.79959e-05
-2.05294e-05
0.000928848
0.00114117
-0.00013702
0.00108603
-0.000147905
0.00104277
-0.000151709
0.0010226
-0.000139424
0.0010188
-0.000133355
0.00102256
-0.000117826
0.00102736
-0.000107537
0.0010289
-9.01766e-05
0.00102712
-7.89243e-05
0.001024
-5.81508e-05
0.00102044
-4.44403e-05
0.0010179
-1.79907e-05
0.000317338
-2.28878e-05
0.000378422
2.95515e-06
0.000442685
3.11726e-05
0.000531424
5.14689e-05
0.000611665
5.93539e-05
0.000650686
5.82223e-05
0.000647472
5.55685e-05
0.000619357
6.11013e-05
0.000587936
7.38577e-05
0.000560015
8.20952e-05
0.000529114
6.64365e-05
4.8202e-05
0.00048328
0.00080756
-1.959e-05
0.000806299
4.21583e-06
0.000810396
2.70762e-05
0.000821041
4.0823e-05
0.000834492
4.59033e-05
0.000842042
5.06723e-05
0.000841199
5.6411e-05
0.000832371
6.993e-05
0.000823197
8.30315e-05
0.000806663
9.86296e-05
0.000767842
0.000105257
0.000114851
0.000701193
0.000916165
-6.90697e-06
0.000910504
9.87766e-06
0.0009148
2.27801e-05
0.000924316
3.13066e-05
0.000934785
3.54343e-05
0.000944418
4.10392e-05
0.000949786
5.10428e-05
0.000948031
7.16858e-05
0.000938598
9.24639e-05
0.000919814
0.000117414
0.000899019
0.000126052
0.000135105
0.000878765
0.00101561
-4.6142e-06
0.00101463
1.08565e-05
0.00101522
2.21948e-05
0.00101813
2.83949e-05
0.00102687
2.66939e-05
0.00103946
2.84462e-05
0.00104446
4.60482e-05
0.00103943
7.67167e-05
0.00102603
0.00010586
0.0010091
0.000134349
0.000991165
0.000143982
0.000972297
0.000153973
0.000431635
6.98297e-06
0.000388008
-2.62218e-05
0.000364188
-4.49672e-05
0.00033618
-4.5249e-05
0.000296559
-3.64044e-05
0.000265682
-2.807e-05
0.000250668
-2.485e-05
0.000249897
-2.1044e-05
0.000236296
-2.02217e-05
0.000204086
-2.95956e-05
0.00013268
-5.4563e-05
-9.71106e-05
0.000613937
9.42395e-05
0.000519901
6.78134e-05
0.000455456
1.94779e-05
0.000424589
-1.43817e-05
0.000420122
-3.19372e-05
0.000432108
-4.00565e-05
0.000459236
-5.19774e-05
0.000502687
-6.44958e-05
0.000564732
-8.2266e-05
0.000645279
-0.000110143
0.000709484
-0.000118768
-0.000126452
0.0008604
0.000112604
0.000836475
9.17385e-05
0.000806209
4.9744e-05
0.000777923
1.39045e-05
0.000768536
-2.25506e-05
0.000778073
-4.9593e-05
0.000796512
-7.04165e-05
0.000820084
-8.80672e-05
0.000847033
-0.000109215
0.000868859
-0.000131969
0.000883017
-0.000132926
-0.000132004
0.000963607
0.000121295
0.000957073
9.82725e-05
0.00095666
5.01568e-05
0.000959419
1.11453e-05
0.00095814
-2.12712e-05
0.000953523
-4.49761e-05
0.000946726
-6.36195e-05
0.000934815
-7.6156e-05
0.000927437
-0.000101837
0.000933174
-0.000137706
0.000943306
-0.000143058
-0.000141435
0.000100798
-0.000171481
-5.90566e-05
0.000141608
-0.000158791
0.000184274
-0.000150255
0.000224226
-0.000137976
0.000263313
-0.000128124
0.000297659
-0.000112849
0.000325732
-9.75478e-05
0.000350116
-8.38519e-05
0.000375348
-7.39158e-05
0.000416674
-8.34034e-05
0.000506129
-0.00013085
-0.000257989
0.0007127
0.000117503
-0.000221018
-6.79659e-05
0.000163425
-0.000204713
0.000214102
-0.000200932
0.000261948
-0.000185822
0.000307243
-0.00017342
0.000343017
-0.000148622
0.000369947
-0.000124478
0.000387999
-0.000101903
0.00040217
-8.80877e-05
0.000431877
-0.00011311
0.00051596
-0.000214933
-0.000420176
0.000678147
0.000107267
-0.000266881
-6.14041e-05
0.000150479
-0.000247925
0.000201937
-0.00025239
0.000252042
-0.000235927
0.000298128
-0.000219506
0.000336152
-0.000186646
0.000362351
-0.000150678
0.000381046
-0.000120598
0.000388535
-9.55773e-05
0.000417698
-0.000142272
0.00046039
-0.000257625
-0.000422389
0.000462602
0.000114023
-6.74697e-05
-0.000313434
0.00015879
-0.000292692
0.000212109
-0.000305709
0.00026297
-0.000286789
0.000307507
-0.000264043
0.000339654
-0.000218792
0.000358962
-0.000169987
0.000364673
-0.000126308
0.000364975
-9.58791e-05
0.000347545
-0.000124843
0.000274635
-0.000184715
0.000170719
-0.000318473
0.000847631
-0.000197452
0.000882455
-0.000114521
0.00086896
-8.11445e-05
0.000892021
-0.000132006
0.000948309
-0.000187473
0.000949932
-0.000109298
0.000889798
1.69242e-05
0.000805806
7.69208e-05
0.000708331
0.000113181
0.00053619
0.000243978
0.000328811
0.000380701
0.000501411
0.000203915
0.000733703
-0.000253008
0.000692422
-7.32403e-05
0.000620009
-8.73134e-06
0.000496403
-8.39993e-06
0.000358568
-4.9638e-05
0.00031128
-6.20113e-05
0.000322837
5.36711e-06
0.000352362
4.73964e-05
0.00040582
5.97233e-05
0.000354884
0.000294913
0.000158601
0.000576984
0.000572832
8.718e-05
0.000433419
-0.000223824
0.000390576
-3.03976e-05
0.000331093
5.0752e-05
0.00022987
9.28226e-05
0.000116326
6.3906e-05
5.92295e-05
-4.91451e-06
4.29862e-05
2.16104e-05
5.15524e-05
3.88302e-05
0.00012644
-1.51642e-05
0.000154332
0.000267021
3.47665e-05
0.000696549
0.000584715
2.28843e-05
0.00010887
-0.000161976
0.00010817
-2.96977e-05
0.000121576
3.73458e-05
0.00012155
9.28489e-05
9.43289e-05
9.11272e-05
4.72833e-05
4.21311e-05
1.80084e-05
5.08853e-05
-2.32956e-06
5.91682e-05
-6.29145e-06
-1.12023e-05
-4.12911e-06
0.000264859
-1.96402e-05
0.00071206
3.21521e-05
0.000532922
0.000125418
0.000472055
0.000151044
0.000302148
0.000209605
0.000168874
0.000233225
7.03328e-05
0.000199041
3.05712e-05
0.000138958
1.5923e-05
0.000117377
-4.10589e-05
0.000165936
-0.000142005
0.00030634
-0.000313227
0.000482036
-0.000500797
0.000596535
-0.00054124
-0.000572287
0.000659385
0.000125726
0.000433509
0.000177546
0.000250327
0.000181985
0.000164436
0.000125021
0.000127297
6.62038e-05
8.93885e-05
4.78268e-05
3.42999e-05
9.59742e-05
-8.92063e-05
0.000206157
-0.000252188
0.000344784
-0.000451855
0.000425465
-0.000581478
0.000411472
-0.000527246
-0.000572195
0.00041138
0.000106633
0.00034976
0.000126987
0.000229974
0.000107795
0.000183627
8.30772e-05
0.000152015
7.07731e-05
0.000101693
9.14308e-05
1.36423e-05
0.000158242
-0.000156017
0.000245342
-0.000339287
0.000316001
-0.000522515
0.000304958
-0.000570435
0.000255511
-0.000477799
-0.000565698
0.000249013
9.03849e-05
0.000291528
9.34931e-05
0.000226865
8.06831e-05
0.000196437
6.76225e-05
0.000165076
7.32055e-05
9.61096e-05
0.000129963
-4.31153e-05
0.000210106
-0.00023616
0.000258506
-0.000387688
0.000268474
-0.000532483
0.000210333
-0.000512294
0.000153872
-0.000421339
0.000111584
-0.00052341
0.000646127
-0.000366405
0.000615068
-0.000199805
0.00058794
-9.32159e-05
0.000548945
-8.31193e-06
0.000497723
4.17759e-05
0.000435268
8.46118e-05
0.000366337
0.000126198
0.000312397
0.000139112
0.000281584
0.000157095
0.000260079
0.000198402
0.000227927
0.000247961
0.000314055
0.000193515
0.000387884
-0.000342909
0.000370733
-0.000182653
0.000393259
-0.000115742
0.000407597
-2.26501e-05
0.000399036
5.03363e-05
0.000365153
0.000118496
0.000304015
0.000187336
0.000239253
0.000203874
0.000204317
0.00019203
0.000202638
0.000200082
0.000196189
0.00025441
0.00033589
0.000174354
0.00019494
-0.000288835
0.000161098
-0.000148811
0.000211109
-0.000165754
0.000264369
-7.59096e-05
0.000292163
2.25421e-05
0.000292054
0.000118604
0.00024267
0.00023672
0.00018242
0.000264125
0.000140398
0.000234051
0.000153516
0.000186964
0.000157298
0.000250628
0.000375145
0.000118044
5.24909e-05
-0.000229741
7.51103e-05
-0.000171431
0.000142571
-0.000233215
0.000194746
-0.000128085
0.000204329
1.29592e-05
0.000207957
0.000114977
0.000178631
0.000266046
0.000136792
0.000305963
8.3491e-05
0.000287353
3.09798e-05
0.000239475
-2.36351e-05
0.000305243
-7.86371e-05
0.000430147
0.000172574
0.000344177
0.000160805
0.000408237
0.000148177
0.000490846
0.000141268
0.000512297
0.000190635
0.00043921
0.000313425
0.000220115
0.000371944
4.33828e-05
0.000400389
1.60696e-05
0.000425993
3.52729e-06
0.000340224
-1.79932e-05
0.000165111
-2.42462e-05
-2.44018e-05
3.36357e-05
0.00014467
0.000373861
0.000102795
0.000450112
6.57492e-05
0.000527892
0.000103945
0.000474101
0.000212088
0.000331067
0.000266684
0.000165519
0.000223818
8.62489e-05
0.000173573
6.63152e-05
0.000119501
5.75987e-05
4.41994e-05
5.73085e-05
4.539e-06
1.54142e-05
-1.82709e-06
-1.80357e-05
3.77771e-05
0.000454127
-2.00041e-05
0.000507893
7.52057e-06
0.000500367
9.84108e-05
0.000383211
0.000156659
0.000272819
0.000144694
0.000177483
9.77929e-05
0.00013315
5.96432e-05
0.000104465
3.48917e-05
8.23502e-05
2.21071e-05
7.00932e-05
-2.08251e-06
3.96038e-05
1.9397e-05
-2.33066e-05
-0.000107839
0.000483329
-6.36385e-05
0.000463693
2.36928e-05
0.000413036
9.40545e-05
0.000312849
0.00011168
0.000255194
0.00010055
0.000188613
8.34213e-05
0.000150279
6.59132e-05
0.000121973
3.35094e-05
0.000114754
2.29115e-06
0.000101311
-3.22769e-05
7.41718e-05
-3.57854e-05
2.29056e-05
5.96152e-06
-0.000109346
1.90835e-05
-0.000161027
3.94046e-05
-0.000172031
6.67865e-05
-0.000166806
9.26876e-05
-0.000159256
0.000112092
-0.000137231
0.000127237
-0.000122682
0.000135965
-9.89039e-05
0.00013942
-8.23794e-05
0.000136726
-5.54572e-05
0.000129884
-3.75979e-05
-8.0769e-06
0.00011997
-1.48286e-05
-0.000112553
-1.0088e-05
-0.000165767
2.5231e-06
-0.000184642
3.07605e-05
-0.000195043
7.24247e-05
-0.00020092
0.000113876
-0.000178682
0.000141152
-0.000149958
0.000144577
-0.000102329
0.000130767
-6.85691e-05
0.000103135
-2.78257e-05
7.30772e-05
-7.53981e-06
8.99088e-06
5.60094e-05
-2.01404e-05
-0.000115719
-1.99069e-05
-0.000166001
-1.03102e-05
-0.000194238
3.48785e-06
-0.000208841
3.58251e-05
-0.000233258
7.00298e-05
-0.000212887
9.51983e-05
-0.000175126
9.51879e-05
-0.000102319
6.99533e-05
-4.33345e-05
4.47963e-05
-2.66865e-06
3.16272e-05
5.62925e-06
1.58315e-05
2.47866e-05
-2.62926e-05
-0.000125212
-2.3369e-05
-0.000168925
-1.45585e-05
-0.000203049
-1.32279e-06
-0.000222077
1.12183e-05
-0.000245799
1.13043e-05
-0.000212973
2.10242e-05
-0.000184846
2.55192e-05
-0.000106814
9.78396e-06
-2.75992e-05
1.04888e-06
6.06644e-06
-2.0137e-06
8.69182e-06
-1.25692e-06
1.50747e-05
0.000112797
2.55869e-06
0.000116588
7.06562e-06
0.000127544
1.12384e-05
0.000134721
2.12184e-05
0.000133479
2.79353e-05
0.000120614
4.13116e-05
9.98589e-05
6.68033e-05
7.64861e-05
0.000100089
5.34268e-05
0.00012892
3.40923e-05
0.000153683
1.8748e-05
0.000159326
0.000170978
1.74224e-06
5.27852e-05
5.78291e-06
5.77602e-05
2.09063e-06
7.20603e-05
-3.06177e-06
8.5019e-05
8.25973e-06
7.92037e-05
3.37506e-05
5.90245e-05
6.14907e-05
3.82384e-05
8.75895e-05
2.21179e-05
0.00011621
5.23646e-06
0.000145801
-1.70437e-05
0.000175964
-5.18934e-05
0.000194176
0.000207741
-8.86561e-05
2.12209e-05
9.34864e-06
1.76829e-05
5.6286e-06
1.27486e-05
1.87258e-06
1.66552e-05
4.35312e-06
1.98331e-05
3.05727e-05
3.98276e-06
7.73411e-05
-1.41825e-05
0.000105755
-2.88334e-05
0.000130861
-5.35932e-05
0.000170561
-0.000104828
0.000227198
-0.000172606
0.000261954
0.000234664
-0.000199528
-3.6218e-06
1.17135e-05
-1.84224e-05
2.04292e-05
-4.5938e-05
2.93882e-05
-6.79055e-05
2.63206e-05
-6.89477e-05
3.16149e-05
-6.6036e-05
7.44294e-05
-7.0224e-05
0.000109943
-8.17309e-05
0.000142368
-0.000122728
0.000211558
-0.000179274
0.000283744
-0.000220016
0.000302696
-0.000208609
0.000223256
1.86049e-05
0.000104432
2.75286e-05
8.93488e-05
2.57241e-05
5.19613e-05
6.49602e-06
3.03734e-05
-2.89719e-05
1.41967e-05
-5.11544e-05
-2.27937e-05
-6.91045e-05
-4.56693e-05
-7.82997e-05
-6.69608e-05
-5.88156e-05
-0.000121321
-9.24694e-06
-0.000187275
2.75429e-05
-0.000179848
-0.000172949
-3.44591e-05
5.0235e-05
-4.65701e-06
5.95467e-05
-2.80984e-05
7.54027e-05
-6.3329e-05
6.56039e-05
-0.000111829
6.26965e-05
-0.000141298
6.67506e-06
-0.000147569
-3.9398e-05
-0.000134442
-8.00876e-05
-8.90541e-05
-0.000166709
-2.26808e-05
-0.000253648
2.4762e-05
-0.00022729
-0.000216153
-0.000116737
-3.25562e-05
-7.1465e-05
1.42747e-05
-6.68669e-05
7.08046e-05
-7.6235e-05
7.49721e-05
-0.000100669
8.71309e-05
-0.000116088
2.20936e-05
-0.000118441
-3.70449e-05
-0.000104221
-9.43073e-05
-7.66026e-05
-0.000194328
-3.08912e-05
-0.000299359
1.4233e-05
-0.000272414
-0.000263324
-0.000116555
-0.00012461
-8.72542e-05
-1.50264e-05
-9.03254e-05
7.38758e-05
-9.90447e-05
8.36914e-05
-0.000104143
9.22289e-05
-9.97356e-05
1.76866e-05
-9.16188e-05
-4.51618e-05
-8.35611e-05
-0.000102365
-7.15811e-05
-0.000206308
-2.98808e-05
-0.00034106
1.82719e-05
-0.000320567
-0.000312522
0.000108308
-0.000356799
-6.49437e-05
0.000152667
-0.000337051
0.000207473
-0.000360515
0.000259199
-0.000338514
0.000301025
-0.000305869
0.000329718
-0.000247485
0.000342115
-0.000182384
0.000340239
-0.000124432
0.000328767
-8.44065e-05
0.000291631
-8.77068e-05
0.000185831
-7.89156e-05
-0.000132641
0.000111433
-0.000400328
-6.79034e-05
0.000156234
-0.000381852
0.00021272
-0.000417001
0.000265195
-0.00039099
0.00030263
-0.000343304
0.000325355
-0.00027021
0.000330188
-0.000187217
0.000316759
-0.000111002
0.000291325
-5.89726e-05
0.000244694
-4.10758e-05
0.000167816
-2.03793e-06
3.51745e-05
0.000106137
-0.000440144
-6.63212e-05
0.000150895
-0.00042661
0.000209056
-0.000475162
0.000258607
-0.000440541
0.000290991
-0.000375687
0.000302799
-0.000282018
0.000288407
-0.000172826
0.000262505
-8.50995e-05
0.000238044
-3.45124e-05
0.000202948
-5.97972e-06
0.000132827
6.80832e-05
0.000168002
0.000104866
-0.000478568
-6.64424e-05
0.000149961
-0.000471705
0.000210706
-0.000535907
0.000257579
-0.000487413
0.000281779
-0.000399888
0.000277136
-0.000277374
0.000245965
-0.000141655
0.000213016
-5.21508e-05
0.000181997
-3.49339e-06
0.000147675
2.83425e-05
9.83038e-05
0.000117454
0.000266305
9.80523e-05
-0.000513875
-6.27448e-05
0.00014375
-0.000517402
0.000202939
-0.000595097
0.000241769
-0.000526243
0.000250016
-0.000408135
0.0002136
-0.000240958
0.000169913
-9.79691e-05
0.000149342
-3.15798e-05
0.000132713
1.31362e-05
0.000106444
5.46108e-05
6.54818e-05
0.000158417
0.000331787
9.28717e-05
-0.000546437
-6.03099e-05
0.000137331
-0.000561862
0.000195008
-0.000652773
0.000220248
-0.000551482
0.000202942
-0.000390829
0.000145047
-0.000183063
0.000100863
-5.37853e-05
8.76876e-05
-1.84047e-05
8.38199e-05
1.70039e-05
7.05135e-05
6.79172e-05
4.32963e-05
0.000185634
0.000375084
8.35196e-05
-0.00057569
-5.42661e-05
0.000123785
-0.000602127
0.000175831
-0.00070482
0.000177134
-0.000552785
0.00012548
-0.000339175
5.10281e-05
-0.000108611
2.41628e-05
-2.692e-05
2.27677e-05
-1.70096e-05
2.73509e-05
1.24207e-05
2.56083e-05
6.96597e-05
1.3166e-05
0.000198076
0.00038825
7.43936e-05
-0.000600819
-4.92652e-05
0.000109981
-0.000637715
0.000152611
-0.00074745
0.000113719
-0.000513893
3.76275e-05
-0.000263084
-2.55429e-05
-4.54407e-05
-3.31941e-05
-1.92687e-05
-2.95806e-05
-2.06231e-05
-2.69331e-05
9.77324e-06
-2.77922e-05
7.05188e-05
-2.51801e-05
0.000195464
0.00036307
6.28433e-05
-0.00062124
-4.24217e-05
9.28656e-05
-0.000667737
0.000110913
-0.000765497
1.72573e-05
-0.000420237
-6.77114e-05
-0.000178115
-9.71112e-05
-1.60409e-05
-9.58448e-05
-2.05351e-05
-9.52436e-05
-2.12243e-05
-9.08295e-05
5.35908e-06
-8.56045e-05
6.52938e-05
-6.00912e-05
0.000169951
0.000302978
5.32062e-05
-0.000637572
-3.68743e-05
7.85383e-05
-0.000693069
6.59941e-05
-0.000752953
-6.0606e-05
-0.000293637
-0.000111758
-0.000126963
-0.000118055
-9.7439e-06
-0.000127226
-1.13638e-05
-0.00013606
-1.23904e-05
-0.000136931
6.23042e-06
-0.000123767
5.21295e-05
-7.30623e-05
0.000119246
0.000229916
4.50074e-05
-0.00065206
-3.05196e-05
6.29023e-05
-0.000710964
2.89629e-05
-0.000719014
-0.000113781
-0.000150893
-0.00017453
-6.62147e-05
-0.000185417
1.14299e-06
-0.000187989
-8.79174e-06
-0.000193415
-6.96462e-06
-0.000185416
-1.76821e-06
-0.000158307
2.50202e-05
-0.000105488
6.64273e-05
0.000124428
4.07644e-05
-2.61923e-05
-0.000666632
5.15721e-05
-0.000721772
1.76132e-05
-0.000685055
-0.00013328
-0.000199494
-0.000198351
-0.000207143
-0.000214108
-0.000215876
-0.000190856
-0.000124428
-1.29799e-06
-0.000160678
3.18454e-05
-6.28411e-05
8.30204e-05
-1.38292e-05
0.000101951
7.39186e-05
8.25361e-05
0.000110542
4.74388e-05
7.72284e-05
2.73623e-05
7.09617e-05
9.03733e-06
7.74932e-05
-4.35251e-05
4.13601e-05
-8.65222e-05
0.000307856
-4.91139e-05
0.000674652
0.000440686
4.31227e-05
4.00591e-06
-0.000164683
5.22581e-05
-0.000111093
0.000116188
-7.77589e-05
0.000134798
5.5308e-05
9.93807e-05
0.00014596
5.51743e-05
0.000121435
3.40903e-05
9.20457e-05
2.11301e-05
9.04534e-05
-3.55628e-05
9.8053e-05
-8.93678e-05
0.000361661
-4.14775e-05
0.000626762
0.000342508
5.67001e-05
-4.09326e-06
-0.00016059
3.97468e-05
-0.000154933
0.000148913
-0.000186925
0.000230275
-2.60543e-05
0.000171283
0.000204952
8.87297e-05
0.000203988
4.33154e-05
0.00013746
3.02277e-05
0.000103541
-1.36762e-05
0.000141957
-4.03113e-05
0.000388296
2.98522e-05
0.000556598
0.000284573
8.77877e-05
3.09299e-06
-0.000163683
5.2003e-05
-0.000203843
0.000120002
-0.000254924
0.000223501
-0.000129553
0.000250285
0.000178168
0.000164202
0.00029007
8.65614e-05
0.000215101
5.04859e-05
0.000139617
1.55734e-05
0.000176869
3.19028e-05
0.000371967
0.000112205
0.000476297
0.000276606
0.000120171
-1.33868e-05
-0.000150296
4.03881e-06
-0.000221269
2.63622e-05
-0.000277248
0.000124082
-0.000227272
0.000228161
7.4088e-05
0.000204596
0.000313636
0.000162476
0.000257221
0.000115664
0.000186429
7.08601e-05
0.000221673
8.84093e-05
0.000354418
0.000137745
0.00042696
0.000267729
0.000146623
-2.7009e-05
-0.000123287
-4.69286e-05
-0.000201349
-3.67786e-05
-0.000287398
4.16639e-05
-0.000305715
0.000163613
-4.78614e-05
0.000199965
0.000277284
0.000184364
0.000272822
0.000165296
0.000205497
0.000142517
0.000244452
0.000145708
0.000351227
0.000161787
0.000410881
0.000241403
0.000188114
-3.8212e-05
-8.50753e-05
-7.02328e-05
-0.000169329
-7.7204e-05
-0.000280426
-7.62979e-05
-0.000306621
5.02707e-05
-0.00017443
0.000171366
0.000156189
0.000165078
0.00027911
0.0001547
0.000215875
0.000154041
0.000245111
0.000170431
0.000334836
0.000203239
0.000378073
0.000200778
0.000243863
-3.53877e-05
-4.96877e-05
-8.31616e-05
-0.000121555
-0.000119427
-0.000244161
-0.000147836
-0.000278213
-6.41104e-05
-0.000258155
5.03647e-05
4.17134e-05
6.19669e-05
0.000267508
7.2652e-05
0.00020519
0.000110744
0.000207019
0.000152783
0.000292797
0.000219022
0.000311835
0.000156287
0.000263513
-3.15651e-05
-1.81226e-05
-7.51213e-05
-7.79984e-05
-0.000131037
-0.000188245
-0.000211492
-0.000197757
-0.000259542
-0.000210105
-0.000211558
-6.27138e-06
-0.000121304
0.000177255
-5.90753e-05
0.000142961
1.04128e-05
0.000137531
0.000105326
0.000197884
0.000198261
0.000218899
0.000112967
0.000241581
-2.01881e-05
2.06553e-06
-5.72086e-05
-4.09779e-05
-0.000139051
-0.000106403
-0.000243779
-9.30293e-05
-0.0003473
-0.000106584
-0.000332897
-2.06749e-05
-0.000243102
8.74605e-05
-0.000176733
7.65915e-05
-0.000108796
6.95936e-05
8.83338e-06
8.02549e-05
0.000125952
0.00010178
6.56275e-05
0.000173292
-9.16415e-06
1.12297e-05
-3.38519e-05
-1.62902e-05
-0.000130758
-9.497e-06
-0.000228876
5.08902e-06
-0.000326374
-9.08531e-06
-0.000357263
1.02141e-05
-0.000281554
1.17509e-05
-0.000216072
1.11104e-05
-0.000157686
1.1207e-05
-7.67328e-05
-6.98141e-07
2.65616e-05
-1.51398e-06
9.6307e-07
9.12261e-05
1.12297e-05
-5.0605e-06
-1.45575e-05
-9.46849e-06
-1.85538e-05
-8.3397e-06
3.41118e-06
1.45216e-05
2.57286e-05
2.50304e-05
2.35165e-05
2.44795e-05
7.75587e-05
0.000257092
7.88875e-05
0.000225537
7.54728e-05
0.000199852
8.06157e-05
0.000159933
0.000130436
4.62894e-05
0.000217165
-0.000129845
0.000251764
-0.000270758
0.000237861
-0.000373785
0.000200159
-0.00049478
0.000150837
-0.000462972
8.90261e-05
-0.000359527
-0.000434384
7.55888e-05
0.000238203
7.92042e-05
0.000221921
8.71624e-05
0.000191893
0.000129066
0.000118029
0.000222717
-4.73612e-05
0.000283055
-0.000190183
0.000251577
-0.000239281
0.000205015
-0.000327223
0.000175183
-0.000464949
0.000133129
-0.000420918
8.36258e-05
-0.000310024
-0.000350758
8.37456e-05
0.000242245
9.00983e-05
0.000215568
0.000124426
0.000157566
0.000220396
2.20592e-05
0.000312008
-0.000138973
0.000302644
-0.000180819
0.000247678
-0.000184314
0.000191946
-0.000271491
0.000144771
-0.000417773
9.95624e-05
-0.00037571
5.7818e-05
-0.000268279
-0.00029294
9.37722e-05
0.000268643
0.000119267
0.000190073
0.000223096
5.37369e-05
0.000324922
-7.9767e-05
0.000332414
-0.000146465
0.000290548
-0.000138952
0.000230857
-0.000124623
0.000176488
-0.000217122
0.000134322
-0.000375607
9.69099e-05
-0.000338299
5.98856e-05
-0.000231255
-0.000233054
0.000173554
0.000241712
0.000263485
0.000100142
0.000337937
-2.0715e-05
0.000333555
-7.53852e-05
0.000291266
-0.000104176
0.000245481
-9.31674e-05
0.00020332
-8.24626e-05
0.000158529
-0.000172331
0.000112002
-0.000329079
7.49449e-05
-0.000301242
4.56306e-05
-0.000201941
-0.000187424
0.000266874
0.000162952
0.000322858
4.41581e-05
0.000318555
-1.64124e-05
0.000291577
-4.84071e-05
0.000258976
-7.15749e-05
0.000228358
-6.25495e-05
0.000203544
-5.76482e-05
0.000167724
-0.000136511
0.000115102
-0.000276458
7.28899e-05
-0.00025903
4.35723e-05
-0.000172623
-0.000143851
0.000300468
0.000106348
0.000315797
2.88288e-05
0.000298812
5.72396e-07
0.000271602
-2.1197e-05
0.000239849
-3.98218e-05
0.00021112
-3.38205e-05
0.000193563
-4.00913e-05
0.000167051
-0.000109999
0.000109566
-0.000218972
6.37131e-05
-0.000213177
3.51634e-05
-0.000144074
-0.000108688
0.000288352
8.15095e-05
0.000288612
2.85684e-05
0.000272574
1.66107e-05
0.000246964
4.41329e-06
0.000219664
-1.25222e-05
0.000200828
-1.49846e-05
0.000199397
-3.86608e-05
0.000186329
-9.69311e-05
0.000127755
-0.000160398
7.08189e-05
-0.000156241
3.36614e-05
-0.000106916
-7.50266e-05
0.0002674
5.569e-05
0.000275577
2.03922e-05
0.000263954
2.8233e-05
0.000239405
2.8963e-05
0.00021045
1.64322e-05
0.00020146
-5.99433e-06
0.000209355
-4.65563e-05
0.000195555
-8.3131e-05
0.00013404
-9.88828e-05
7.08788e-05
-9.30795e-05
3.04514e-05
-6.64886e-05
-4.45752e-05
0.00019959
2.93912e-05
0.000208347
1.16357e-05
0.000213353
2.32267e-05
0.000211305
3.10111e-05
0.000213233
1.45048e-05
0.000218354
-1.11153e-05
0.000211259
-3.94618e-05
0.000178853
-5.07245e-05
0.000113089
-3.31196e-05
5.80959e-05
-3.8086e-05
2.64833e-05
-3.4876e-05
-1.8092e-05
0.000106338
1.42793e-05
0.000100555
1.74189e-05
0.000103448
2.03331e-05
0.000113131
2.13286e-05
0.000118845
8.79032e-06
0.000114566
-6.83587e-06
9.5957e-05
-2.08528e-05
7.05419e-05
-2.53093e-05
5.19961e-05
-1.45738e-05
2.81343e-05
-1.42242e-05
7.85119e-06
-1.45929e-05
-1.02408e-05
3.87589e-05
5.61777e-05
7.65108e-05
9.78394e-05
0.00010663
9.97938e-05
7.89411e-05
5.36317e-05
3.90579e-05
2.48337e-05
1.02408e-05
-1.84211e-05
-0.00021132
5.62548e-05
-0.000246107
0.00010441
-0.00028137
0.000147291
-0.000170965
0.000171662
-1.1412e-05
0.000179154
0.000107486
0.000162088
0.000283111
0.000112403
0.000355649
2.8541e-05
0.000371214
-8.73225e-05
0.000355338
-0.0001618
0.00037972
0.000432848
-0.000164501
-8.07025e-06
-0.00020325
3.02544e-05
-0.000284431
5.91351e-05
-0.000310251
7.58468e-05
-0.000187677
9.82551e-05
-3.38202e-05
0.000142732
6.30084e-05
0.000155517
0.000270326
0.000110537
0.00040063
2.93637e-05
0.000452387
-9.70352e-05
0.000481737
-0.000173108
0.000455793
0.000422219
-0.000162479
-8.17587e-06
-0.000195074
3.98034e-06
-0.000296587
2.95272e-05
-0.000335798
2.60229e-05
-0.000184173
1.52283e-05
-2.30256e-05
8.48004e-05
-6.56367e-06
0.000135249
0.000219878
0.000114768
0.000421111
5.84108e-05
0.000508744
-5.89975e-05
0.000599146
-0.000163885
0.000560681
0.000423057
-0.000164723
-1.00351e-05
-0.000185039
-1.97813e-05
-0.000286841
-4.63971e-06
-0.000350939
-1.1112e-05
-0.000177701
-2.97584e-05
-4.37916e-06
1.05401e-05
-4.68622e-05
9.17267e-05
0.000138691
0.000124474
0.000388363
7.76042e-05
0.000555614
-1.14793e-06
0.000677898
-0.000107026
0.000666558
0.000483151
-0.000167119
-1.35925e-05
-0.000171447
-3.20893e-05
-0.000268345
-4.07434e-05
-0.000342285
-2.92527e-05
-0.000189191
-1.15546e-05
-2.20773e-05
-3.99075e-05
-1.85093e-05
1.37004e-05
8.50833e-05
0.000107507
0.000294557
9.3011e-05
0.00057011
5.49135e-05
0.000715995
-1.34749e-05
0.000734947
0.000596087
-0.000126411
-6.92579e-06
-0.000164521
-2.84178e-05
-0.000246853
-7.14003e-05
-0.000299303
-5.69669e-05
-0.000203625
-2.73497e-05
-5.16944e-05
-6.35641e-05
1.7705e-05
-8.21028e-05
0.000103622
3.1861e-05
0.000180593
9.9911e-05
0.00050206
8.19638e-05
0.000733942
2.68567e-05
0.000790054
0.000707385
-8.44415e-05
-7.00635e-07
-0.00016382
-2.13154e-05
-0.000226238
-7.6054e-05
-0.000244564
-8.51585e-05
-0.00019452
-6.40503e-05
-7.28026e-05
-7.60982e-05
2.97529e-05
-9.81399e-05
0.000125664
-4.99262e-05
0.000132379
5.17692e-05
0.000400364
9.42115e-05
0.0006915
5.21275e-05
0.000832138
0.000800312
-4.07992e-05
-8.22541e-06
-0.000155595
-3.72411e-05
-0.000197222
-0.000101097
-0.000180708
-0.000139356
-0.000156262
-0.000134389
-7.77698e-05
-0.000107957
3.32116e-06
-9.0258e-05
0.000107965
-9.78605e-05
0.000139982
-8.02312e-06
0.000310527
9.06537e-05
0.000592823
5.98518e-05
0.00086294
0.000881575
-2.14114e-05
-2.6325e-05
-0.00012927
-6.62335e-05
-0.000157314
-0.000122588
-0.000124353
-0.000169344
-0.000109506
-0.000173486
-7.3628e-05
-0.000139845
-3.03201e-05
-0.000101338
6.9458e-05
-0.000102859
0.000141503
-4.94507e-05
0.000257118
6.37452e-05
0.000479627
5.32625e-05
0.000873422
0.000952761
-1.79237e-05
-3.46042e-05
-9.46655e-05
-7.64538e-05
-0.000115464
-0.000122924
-7.78824e-05
-0.000173217
-5.92134e-05
-0.000197494
-4.93505e-05
-0.000188925
-3.88898e-05
-0.000140682
2.12159e-05
-0.000110956
0.000111776
-5.76019e-05
0.000203764
5.10203e-05
0.000371005
3.8979e-05
0.000885464
0.00101056
-1.88165e-05
-4.51361e-05
-4.95295e-05
-9.77079e-05
-6.28922e-05
-0.00013978
-3.58104e-05
-0.000178926
-2.00674e-05
-0.000215386
-1.28908e-05
-0.000236838
-1.74372e-05
-0.000207068
-8.55464e-06
-0.000143564
4.82727e-05
-4.45644e-05
0.000104765
5.57064e-05
0.000270734
1.6455e-05
0.000924715
0.00106098
-3.39675e-05
-4.95295e-05
-0.000112422
-0.000148232
-0.000168299
-0.00018119
-0.000198627
-0.000207182
-0.000158909
-5.41447e-05
3.26487e-05
0.000183941
-1.39648e-05
0.000971329
-4.86098e-05
0.00109562
-0.000123815
0.000442644
-5.78291e-05
0.000397706
1.29258e-05
0.000342281
6.3534e-05
0.000262241
8.49806e-05
0.000233747
8.38379e-05
0.000189756
6.49689e-05
0.000169148
4.26167e-05
0.000144325
1.59305e-05
0.00014144
-9.99763e-06
0.00012724
-3.09459e-05
9.51201e-05
-8.04039e-06
-0.000118926
0.000399091
-8.30017e-05
0.000361782
-4.58377e-05
0.000305117
3.33767e-06
0.000213065
3.18015e-05
0.000205283
4.17811e-05
0.000179776
4.07584e-05
0.000170171
1.98699e-05
0.000165214
-8.24041e-06
0.00016955
-3.78058e-05
0.000156805
-2.60973e-05
8.34116e-05
-3.41377e-05
-0.000151917
0.000386286
-0.000140619
0.000350483
-0.00011801
0.000282508
-8.38409e-05
0.000178897
-4.87294e-05
0.000170172
-1.76644e-05
0.000148711
-5.94737e-06
0.000158454
-2.40666e-05
0.000183333
-3.68881e-05
0.000182372
-4.89648e-05
0.000168882
-2.17529e-05
5.61997e-05
-5.58906e-05
-0.000196604
0.00041577
-0.000192528
0.000346408
-0.000171419
0.000261399
-0.00014614
0.000153618
-0.000106561
0.000130593
-6.88716e-05
0.000111022
-5.37201e-05
0.000143303
-5.20398e-05
0.000181653
-5.26101e-05
0.000182942
-4.27329e-05
0.000159004
-1.39733e-05
2.74401e-05
-6.98639e-05
-0.000202068
0.000491427
-0.000215775
0.000360114
-0.000201914
0.000247538
-0.000174029
0.000125732
-0.000136341
9.29053e-05
-0.000100195
7.4876e-05
-7.52329e-05
0.00011834
-6.10048e-05
0.000167424
-5.63362e-05
0.000178274
-3.44584e-05
0.000137127
-7.80426e-06
7.85929e-07
-7.76681e-05
-0.000184328
0.000591313
-0.000208183
0.00038397
-0.000187453
0.000226808
-0.000147086
8.53658e-05
-0.000114962
6.07809e-05
-9.69323e-05
5.68462e-05
-7.89497e-05
0.000100357
-6.47118e-05
0.000153186
-5.76956e-05
0.000171258
-3.15364e-05
0.000110967
-7.85753e-06
-2.28929e-05
-8.55257e-05
-0.000143149
0.000693663
-0.000171256
0.000412077
-0.000132155
0.000187708
-0.000100294
5.35044e-05
-9.26472e-05
5.3134e-05
-8.83018e-05
5.25009e-05
-7.52354e-05
8.7291e-05
-6.06171e-05
0.000138568
-4.65301e-05
0.000157171
-1.73541e-05
8.17915e-05
-6.79247e-07
-3.95678e-05
-8.62049e-05
-0.000112249
0.0007845
-0.000139736
0.000439564
-0.00010156
0.000149531
-8.04235e-05
3.23683e-05
-8.0022e-05
5.27325e-05
-7.98807e-05
5.23596e-05
-7.01579e-05
7.75681e-05
-5.18783e-05
0.000120289
-1.92185e-05
0.000124511
8.26874e-06
5.43043e-05
6.51574e-06
-3.78148e-05
-7.96892e-05
-6.69766e-05
0.000833553
-6.44233e-05
0.00043701
-8.35294e-05
0.000168637
-7.90867e-05
2.79255e-05
-7.68905e-05
5.05364e-05
-7.7186e-05
5.26551e-05
-6.56009e-05
6.5983e-05
-4.05874e-05
9.52752e-05
1.22394e-06
8.26995e-05
2.21721e-05
3.33561e-05
1.09685e-05
-2.66112e-05
-6.87207e-05
-5.62892e-05
0.000871026
-3.26572e-05
0.000413378
-6.32602e-05
0.00019924
-7.9556e-05
4.42214e-05
-7.56762e-05
4.66565e-05
-7.08905e-05
4.78694e-05
-5.3444e-05
4.85366e-05
-1.63841e-05
5.82153e-05
1.47608e-05
5.15546e-05
2.58234e-05
2.22935e-05
1.94605e-05
-2.02483e-05
-4.92601e-05
-7.02323e-05
0.000907291
-4.95019e-05
0.000392648
-8.56688e-05
0.000235407
-9.3221e-05
5.17737e-05
-8.21867e-05
3.56222e-05
-5.75332e-05
2.32159e-05
-3.23547e-05
2.3358e-05
-1.97454e-06
2.78351e-05
1.97437e-05
2.98363e-05
2.84567e-05
1.35805e-05
2.14539e-05
-1.32456e-05
-2.78062e-05
-5.85083e-05
0.000917189
-8.77917e-05
0.000421931
-0.00016417
0.000311786
-0.000112396
-7.67741e-05
-5.35582e-05
-3.02002e-05
-2.36503e-06
2.74713e-05
4.10518e-05
2.78062e-05
-2.57506e-05
-9.94613e-05
-2.50963e-05
-0.000169579
-1.78076e-05
-0.000210338
-1.15919e-05
-0.000228293
-9.18474e-06
-0.000248206
-1.38477e-05
-0.00020831
-6.68975e-06
-0.000192004
5.29071e-06
-0.000118795
6.40445e-06
-2.87129e-05
1.81513e-06
1.06558e-05
-7.0729e-06
1.75798e-05
1.50116e-05
-7.00977e-06
-2.75688e-05
-7.18925e-05
-2.6191e-05
-0.000170957
-2.22335e-05
-0.000214295
-2.50725e-05
-0.000225454
-3.75033e-05
-0.000235775
-5.60697e-05
-0.000189743
-6.92705e-05
-0.000178804
-7.08883e-05
-0.000117177
-6.0998e-05
-3.86032e-05
-4.4345e-05
-5.99726e-06
-2.67882e-05
2.29756e-08
6.9578e-06
-1.87343e-05
-2.24261e-05
-4.94664e-05
-2.76037e-05
-0.000165779
-2.83606e-05
-0.000213538
-3.31486e-05
-0.000220666
-5.36131e-05
-0.000215311
-8.22536e-05
-0.000161103
-9.99357e-05
-0.000161121
-0.000106366
-0.000110747
-9.06716e-05
-5.42974e-05
-6.90212e-05
-2.76477e-05
-5.60808e-05
-1.29174e-05
4.8557e-07
-4.96086e-05
-2.26809e-05
-2.67855e-05
-2.84642e-05
-0.000159996
-3.29758e-05
-0.000209027
-4.25358e-05
-0.000211106
-6.53662e-05
-0.00019248
-9.4228e-05
-0.000132241
-0.000115412
-0.000139938
-0.000128659
-9.7499e-05
-0.000124746
-5.82106e-05
-0.000107897
-4.44968e-05
-9.26428e-05
-2.81715e-05
-1.2659e-05
-7.94982e-05
-1.94342e-05
-7.3513e-06
-3.00258e-05
-0.000149404
-4.00903e-05
-0.000198962
-5.14998e-05
-0.000199696
-7.21143e-05
-0.000171866
-9.78545e-05
-0.000106501
-0.000122991
-0.000114802
-0.000139547
-8.09421e-05
-0.000150767
-4.69907e-05
-0.000147607
-4.76574e-05
-0.000128835
-4.69435e-05
-3.48188e-05
-0.000106675
-1.49047e-05
7.55343e-06
-3.25126e-05
-0.000131796
-5.08255e-05
-0.000180649
-6.3314e-05
-0.000187208
-7.6267e-05
-0.000158913
-0.000106366
-7.64016e-05
-0.000146445
-7.47229e-05
-0.000174189
-5.31983e-05
-0.000187474
-3.37053e-05
-0.000186468
-4.86635e-05
-0.00017844
-5.49716e-05
-4.94711e-05
-0.000163788
-1.26261e-05
2.01795e-05
-3.74915e-05
-0.000106931
-6.50913e-05
-0.000153049
-8.50902e-05
-0.000167209
-9.69743e-05
-0.000147029
-0.000108455
-6.49205e-05
-0.000133793
-4.93857e-05
-0.000155632
-3.13587e-05
-0.000185564
-3.77307e-06
-0.000205105
-2.91232e-05
-0.000204797
-5.52791e-05
-5.31682e-05
-0.0002011
-1.31934e-05
3.33729e-05
-4.26126e-05
-7.75118e-05
-7.78388e-05
-0.000117823
-0.000103882
-0.000141166
-0.000128343
-0.000122567
-0.000150754
-4.25102e-05
-0.000192054
-8.08566e-06
-0.000211839
-1.1573e-05
-0.000205136
-1.0476e-05
-0.000198545
-3.57147e-05
-0.000202126
-5.1698e-05
-4.3188e-05
-0.000212106
-1.15218e-05
4.48948e-05
-4.26919e-05
-4.63417e-05
-8.38775e-05
-7.66375e-05
-0.000115679
-0.000109364
-0.000140863
-9.73828e-05
-0.000136218
-4.71556e-05
-0.000127366
-1.69376e-05
-0.000133234
-5.70534e-06
-0.000136665
-7.04527e-06
-0.000156666
-1.57129e-05
-0.000188789
-1.95756e-05
-1.8657e-05
-0.00021332
-1.98133e-06
4.68761e-05
-2.76079e-05
-2.07152e-05
-7.21521e-05
-3.20933e-05
-0.000112737
-6.87793e-05
-0.000133574
-7.65456e-05
-0.000140324
-4.04054e-05
-0.000134468
-2.27936e-05
-0.000126422
-1.37513e-05
-0.000134027
5.58893e-07
-0.000145097
-4.64222e-06
-0.00015454
-1.01333e-05
-1.06019e-05
-0.000162595
1.3326e-05
3.35501e-05
2.58932e-06
-9.97849e-06
-3.07347e-05
1.23073e-06
-8.26717e-05
-1.68423e-05
-0.000123108
-3.61098e-05
-0.000135667
-2.78459e-05
-0.000138987
-1.94731e-05
-0.000137824
-1.49146e-05
-0.000129875
-7.39045e-06
-0.000131019
-3.49782e-06
-0.000138847
-2.30528e-06
-2.57848e-06
-0.000146871
3.35501e-05
2.35716e-05
2.48024e-05
7.96005e-06
-2.81498e-05
-5.59957e-05
-7.54688e-05
-9.03835e-05
-9.77739e-05
-0.000101272
-0.000103577
-0.000106155
-9.42277e-06
1.41265e-05
-2.85264e-05
3.95328e-05
-5.80046e-05
5.88664e-05
-8.10596e-05
4.93756e-05
-8.54041e-05
3.59594e-05
-8.43564e-05
7.33816e-05
-9.49046e-05
0.000120491
-0.000120343
0.000167806
-0.000156305
0.000247519
-0.000171936
0.000299376
-0.000157461
0.000288221
6.57951e-05
-2.47463e-05
2.01385e-05
-3.96538e-05
5.44403e-05
-6.45169e-05
8.37295e-05
-8.68345e-05
7.16933e-05
-9.41439e-05
4.32688e-05
-9.44499e-05
7.36876e-05
-0.000112357
0.000138398
-0.000144201
0.000199651
-0.000164565
0.000267883
-0.000156125
0.000290936
-9.96789e-05
0.000231775
-3.38838e-05
-4.58708e-05
1.64007e-05
-4.83454e-05
5.69149e-05
-6.26148e-05
9.7999e-05
-7.99622e-05
8.90406e-05
-9.17572e-05
5.50638e-05
-9.83147e-05
8.0245e-05
-0.000120617
0.0001607
-0.000146113
0.000225148
-0.000146459
0.000268228
-0.000109655
0.000254133
-2.97203e-05
0.00015184
-6.3604e-05
-7.15848e-05
8.48734e-06
-6.97272e-05
5.50572e-05
-7.28819e-05
0.000101154
-8.34818e-05
9.96405e-05
-9.88495e-05
7.04315e-05
-0.000113866
9.52619e-05
-0.000132947
0.00017978
-0.000145181
0.000237382
-0.00013273
0.000255777
-8.65447e-05
0.000207947
-2.10576e-05
8.63532e-05
-8.46616e-05
-9.1994e-05
-6.19362e-06
-8.85303e-05
5.15935e-05
-8.9226e-05
0.000101849
-9.76281e-05
0.000108043
-0.000118761
9.15646e-05
-0.000136051
0.000112552
-0.000138117
0.000181846
-0.000127549
0.000226814
-0.000103397
0.000231624
-5.83405e-05
0.000162891
-1.10118e-05
3.90245e-05
-9.56734e-05
-0.000148719
-2.12625e-05
-0.000137323
4.01976e-05
-0.000129367
9.3893e-05
-0.000131558
0.000110233
-0.00014302
0.000103027
-0.000145866
0.000115399
-0.000128623
0.000164603
-0.000108396
0.000206586
-9.09376e-05
0.000214166
-5.13446e-05
0.000123298
-8.24539e-06
-4.07468e-06
-0.000103919
-0.000195999
-2.63637e-05
-0.000172847
1.70453e-05
-0.000148737
6.97832e-05
-0.00013989
0.000101387
-0.00013554
9.86769e-05
-0.000126864
0.000106723
-0.000110233
0.000147972
-9.72302e-05
0.000193583
-8.158e-05
0.000198516
-4.26844e-05
8.44023e-05
-1.0504e-06
-4.57086e-05
-0.000104969
-0.000210341
-2.81289e-05
-0.000188767
-4.52845e-06
-0.000163955
4.49707e-05
-0.000143902
8.13335e-05
-0.000127419
8.2194e-05
-0.000116455
9.57592e-05
-0.000105061
0.000136578
-9.03467e-05
0.000178868
-6.85246e-05
0.000176694
-3.41673e-05
5.00451e-05
-2.47185e-06
-7.74041e-05
-0.000107441
-0.00021678
-2.46684e-05
-0.000197457
-2.38517e-05
-0.000162362
9.87607e-06
-0.000136099
5.50707e-05
-0.000126454
7.25487e-05
-0.000117899
8.72037e-05
-0.000100027
0.000118706
-7.77708e-05
0.000156612
-3.40108e-05
0.000132934
1.11132e-05
4.92107e-06
1.62973e-05
-8.25883e-05
-9.11437e-05
-0.000177511
-9.75187e-06
-0.00019164
-9.7231e-06
-0.000182171
4.07465e-07
-0.00015304
2.59391e-05
-0.000130214
4.97233e-05
-0.000108909
6.5899e-05
-7.73337e-05
8.71307e-05
-3.33924e-05
0.000112671
2.88585e-05
7.0683e-05
5.57087e-05
-2.19291e-05
2.7188e-05
-5.40676e-05
-6.39557e-05
-0.000154999
-1.62355e-06
-0.000167813
3.09091e-06
-0.000163627
-3.77848e-06
-0.000138974
1.28628e-06
-0.000110519
2.12686e-05
-8.30625e-05
3.8442e-05
-3.66824e-05
4.07506e-05
4.07515e-05
3.52371e-05
9.34629e-05
1.79715e-05
7.26837e-05
-1.14996e-06
3.14755e-05
-1.28594e-05
-3.24802e-05
-0.000107779
-0.000104688
-0.000108467
-0.00010718
-8.59117e-05
-4.74697e-05
-6.71905e-06
2.8518e-05
4.64895e-05
4.53396e-05
3.24802e-05
-3.73311e-05
-8.72785e-05
-5.72687e-05
4.91125e-06
-6.83121e-05
8.49192e-05
-7.20262e-05
8.74055e-05
-5.78587e-05
7.80614e-05
-4.27127e-05
2.54055e-06
-4.68421e-05
-4.10324e-05
-5.24001e-05
-9.6807e-05
-5.07235e-05
-0.000207985
-1.87699e-05
-0.000373013
2.14291e-05
-0.000360766
-0.000356036
-4.16902e-05
-4.55883e-05
-6.00971e-05
2.33181e-05
-6.27404e-05
8.75625e-05
-5.35612e-05
7.82263e-05
-2.84341e-05
5.29343e-05
-1.86721e-05
-7.2214e-06
-2.27596e-05
-3.6945e-05
-3.29465e-05
-8.66201e-05
-4.20794e-05
-0.000198852
-1.28449e-05
-0.000402248
2.59088e-05
-0.00039952
-0.000398031
-4.97103e-05
4.122e-06
-6.65133e-05
4.01211e-05
-5.87544e-05
7.98037e-05
-3.58956e-05
5.53674e-05
-3.89894e-06
2.09376e-05
2.6291e-06
-1.37494e-05
-1.09198e-07
-3.42067e-05
-1.27213e-05
-7.4008e-05
-2.76924e-05
-0.000183881
-3.95846e-06
-0.000425982
2.98108e-05
-0.000433289
-0.000434541
-5.39823e-05
5.81043e-05
-6.32277e-05
4.93665e-05
-4.56005e-05
6.21764e-05
-2.16947e-05
3.14617e-05
-1.58912e-06
8.32015e-07
5.1251e-06
-2.04637e-05
4.3165e-06
-3.33981e-05
-3.60637e-06
-6.60851e-05
-2.01498e-05
-0.000167337
3.89778e-07
-0.000446521
3.25204e-05
-0.00046542
-0.000468463
-2.77999e-05
8.59042e-05
-3.46756e-05
5.62421e-05
-1.73746e-05
4.48754e-05
2.4003e-06
1.16869e-05
1.10497e-05
-7.81741e-06
1.42925e-05
-2.37064e-05
1.31011e-05
-3.22067e-05
4.19079e-06
-5.71748e-05
-1.46027e-05
-0.000148544
3.97603e-06
-0.0004651
3.23649e-05
-0.000493809
-0.000498843
-1.74207e-05
0.000103325
-1.92788e-05
5.81002e-05
-3.49417e-06
2.90908e-05
1.28778e-05
-4.68507e-06
1.6719e-05
-1.16587e-05
1.60143e-05
-2.30016e-05
1.38277e-05
-3.00201e-05
4.69196e-06
-4.8039e-05
-1.29199e-05
-0.000130932
6.16931e-06
-0.000484189
3.22188e-05
-0.000519858
-0.000526934
4.96567e-07
0.000102828
1.28372e-05
4.57596e-05
2.43957e-05
1.75323e-05
3.21311e-05
-1.24205e-05
3.12789e-05
-1.08065e-05
2.51906e-05
-1.69133e-05
1.9666e-05
-2.44955e-05
8.37554e-06
-3.67486e-05
-1.05598e-05
-0.000111997
6.47259e-06
-0.000501222
2.93064e-05
-0.000542692
-0.000551894
1.0971e-05
9.18574e-05
2.45412e-05
3.21894e-05
3.40837e-05
7.98974e-06
3.3588e-05
-1.19248e-05
2.91531e-05
-6.37157e-06
2.15494e-05
-9.30967e-06
1.64971e-05
-1.94432e-05
7.73505e-06
-2.79865e-05
-9.65608e-06
-9.46055e-05
6.52282e-06
-0.0005174
2.6654e-05
-0.000562823
-0.000574505
1.74708e-05
7.43866e-05
3.1964e-05
1.76962e-05
3.97044e-05
2.49328e-07
3.39524e-05
-6.17277e-06
2.7971e-05
-3.90228e-07
2.30506e-05
-4.38922e-06
1.76333e-05
-1.40259e-05
9.64017e-06
-1.99934e-05
-8.58931e-06
-7.6376e-05
4.66152e-06
-0.000530651
2.27423e-05
-0.000580904
-0.000594184
2.63076e-05
4.8079e-05
3.84646e-05
5.5392e-06
4.13729e-05
-2.65892e-06
3.57326e-05
-5.3248e-07
3.19145e-05
3.42779e-06
2.71392e-05
3.86087e-07
2.02698e-05
-7.15641e-06
1.30379e-05
-1.27616e-05
-9.01012e-06
-5.4328e-05
1.32745e-06
-0.000540989
1.83929e-05
-0.000597969
-0.000612666
3.50377e-05
1.30413e-05
3.72634e-05
3.31349e-06
3.22244e-05
2.38012e-06
2.87642e-05
2.92777e-06
2.90671e-05
3.12484e-06
2.78151e-05
1.6381e-06
2.25407e-05
-1.882e-06
1.69869e-05
-7.20782e-06
-7.78499e-06
-2.95561e-05
-2.65413e-06
-0.00054612
1.34038e-05
-0.000614027
-0.000629782
1.30413e-05
1.63548e-05
1.87349e-05
2.16626e-05
2.47875e-05
2.64256e-05
2.45436e-05
1.73358e-05
-1.22204e-05
-5.46993e-06
-0.00055287
9.26e-06
-0.000628757
-0.000646714
-0.000664085
2.26098e-05
-2.51568e-05
-0.000661032
1.83997e-05
-2.14533e-05
-0.000660014
1.57825e-05
-1.67997e-05
-0.00065807
1.22847e-05
-1.42288e-05
-0.000657477
1.01545e-05
-1.07477e-05
-0.00065643
7.909e-06
-8.95638e-06
-0.000655896
6.0141e-06
-6.54786e-06
-0.000655396
4.86052e-06
-5.36072e-06
-0.000655106
3.43445e-06
-3.7247e-06
-0.000654764
2.63486e-06
-2.97616e-06
-0.000654634
1.87174e-06
-2.00256e-06
-0.000654425
1.35622e-06
-1.56512e-06
-0.000654318
9.37269e-07
-1.0436e-06
-0.000654247
6.53305e-07
-7.24126e-07
-0.000654171
4.33043e-07
-5.09467e-07
-0.000654127
2.96175e-07
-3.40611e-07
-0.000654081
1.75739e-07
-2.21001e-07
-0.000654058
9.92815e-08
-1.22804e-07
-0.000654039
4.4431e-08
-6.34099e-08
6.06942e-09
-1.39222e-08
-0.000702708
3.54638e-06
-0.000688509
4.2002e-06
-0.000678954
6.22784e-06
-0.000671381
4.71127e-06
-0.0006658
4.57399e-06
-0.000661802
3.91127e-06
-0.000658793
3.00451e-06
-0.00065643
2.49733e-06
-0.000654968
1.97299e-06
-0.000653698
1.36445e-06
-0.00065298
1.15421e-06
-0.000652357
7.3284e-07
-0.00065198
5.60416e-07
-0.000651705
3.78738e-07
-0.000651526
2.53837e-07
-0.000651393
1.63234e-07
-0.000651318
1.00928e-07
-0.000651267
4.81505e-08
-0.00065124
1.73913e-08
-5.10535e-09
-0.000681508
-0.000677308
-0.00067108
-0.000666369
-0.000661795
-0.000657884
-0.000654879
-0.000652382
-0.000650409
-0.000649045
-0.00064789
-0.000647158
-0.000646597
-0.000646218
-0.000645965
-0.000645801
-0.0006457
-0.000645652
-0.000645635
-0.000574647
2.17764e-05
-0.000593329
1.8682e-05
-0.000605388
1.20596e-05
-0.000616682
1.12934e-05
-0.000623747
7.06579e-06
-0.000630226
6.47814e-06
-0.000634335
4.10933e-06
-0.000637814
3.47947e-06
-0.000640096
2.28174e-06
-0.000641807
1.71071e-06
-0.000643018
1.21118e-06
-0.000643863
8.45162e-07
-0.000644469
6.05454e-07
-0.000644876
4.07623e-07
-0.000645176
3.00311e-07
-0.000645352
1.75989e-07
-0.000645496
1.43111e-07
-0.00064557
7.47331e-08
-0.000645615
4.46143e-08
2.50624e-08
-0.000630915
2.39347e-05
-0.000632917
2.06835e-05
-0.000636554
1.56962e-05
-0.00063874
1.34795e-05
-0.000641569
9.89516e-06
-0.000643543
8.452e-06
-0.000645425
5.99126e-06
-0.000646969
5.02354e-06
-0.000648044
3.35727e-06
-0.000649092
2.75871e-06
-0.000649666
1.78476e-06
-0.000650261
1.43972e-06
-0.000650559
9.04012e-07
-0.000650841
6.89846e-07
-0.000650983
4.4197e-07
-0.000651115
3.08392e-07
-0.000651181
2.0821e-07
-0.000651215
1.0889e-07
-0.000651233
6.32976e-08
2.06463e-08
-0.000647936
-0.000648706
-0.000649809
-0.000650559
-0.000651411
-0.000651915
-0.000652472
-0.000652809
-0.000653177
-0.000653394
-0.000653612
-0.000653737
-0.000653877
-0.000653911
-0.000653979
-0.000654011
-0.000654024
-0.000654038
-0.000654038
0.000229617
-4.56755e-05
0.000323397
-9.37805e-05
0.00046585
-0.000142453
0.000653036
-0.000187186
0.00087463
-0.000221594
0.00110084
-0.000226214
0.00130283
-0.000201989
0.0014874
-0.000184565
0.0016003
-0.000112905
0.00156845
3.18519e-05
0.00143129
0.000137158
0.0012629
0.000168397
0.00110223
0.000160669
0.000971137
0.000131091
0.000888769
8.2368e-05
0.000852998
3.57711e-05
0.000853009
-1.12942e-08
0.00086954
-1.65309e-05
0.000863641
5.89901e-06
1.72862e-05
0.00101379
-8.81361e-05
0.00105422
-0.000134207
0.00111285
-0.000201086
0.00118163
-0.000255967
0.00121643
-0.000256394
0.00121775
-0.000227538
0.00119767
-0.000181904
0.0011523
-0.000139199
0.00111607
-7.66683e-05
0.00110934
3.85816e-05
0.00110186
0.000144638
0.00108721
0.000183046
0.0010703
0.000177574
0.00105656
0.000144833
0.00103642
0.000102512
0.000992797
7.93898e-05
0.000939109
5.36765e-05
0.000913079
9.49966e-06
0.000895279
2.36988e-05
2.7837e-05
0.00109471
-8.7222e-05
0.00112185
-0.000161344
0.00109098
-0.000170223
0.00101479
-0.000179769
0.00093784
-0.000179449
0.000878206
-0.000167904
0.000854642
-0.00015834
0.000853324
-0.000137881
0.000858995
-8.23387e-05
0.000862983
3.45936e-05
0.00089073
0.000116891
0.000930416
0.00014336
0.00097895
0.00012904
0.00100997
0.000113811
0.00100317
0.000109312
0.000975983
0.000106579
0.000923865
0.000105795
0.00086669
6.66747e-05
0.000806912
8.34762e-05
6.00735e-05
0.000864106
-3.41382e-05
0.000797346
-9.45839e-05
0.000735625
-0.000108502
0.000690129
-0.000134273
0.00066522
-0.00015454
0.000627493
-0.000130178
0.000598488
-0.000129334
0.000573313
-0.000112706
0.000536696
-4.57219e-05
0.000531822
3.94681e-05
0.000566093
8.26189e-05
0.000619567
8.98863e-05
0.000673199
7.54072e-05
0.000713903
7.31071e-05
0.000733521
8.96941e-05
0.000739195
0.000100905
0.000723528
0.000121463
0.000682541
0.000107661
0.000647275
0.000118742
6.89275e-05
0.000450559
-6.27654e-05
0.0004566
-0.000100626
0.000439705
-9.16062e-05
0.000367125
-6.16935e-05
0.00028611
-7.35246e-05
0.000225075
-6.91426e-05
0.000176208
-8.04678e-05
0.000133603
-7.01002e-05
0.00011863
-3.07491e-05
0.000138934
1.9164e-05
0.000181223
4.03297e-05
0.000219617
5.14926e-05
0.000243713
5.13108e-05
0.000260486
5.63341e-05
0.000280422
6.9758e-05
0.000314254
6.70727e-05
0.000358799
7.69175e-05
0.000400341
6.61193e-05
0.000452973
6.61103e-05
3.84901e-05
0.00024902
0.000148394
5.67883e-05
-4.90522e-06
-7.84299e-05
-0.000147573
-0.00022804
-0.00029814
-0.00032889
-0.000309726
-0.000269396
-0.000217903
-0.000166593
-0.000110258
-4.05004e-05
2.65723e-05
0.00010349
0.000169609
0.000235719
)
;

boundaryField
{
    rotor
    {
        type            calculated;
        value           uniform 0;
    }
    stator
    {
        type            calculated;
        value           uniform 0;
    }
    front
    {
        type            empty;
        value           nonuniform List<scalar> 0();
    }
    back
    {
        type            empty;
        value           nonuniform List<scalar> 0();
    }
    inlet
    {
        type            calculated;
        value           nonuniform List<scalar> 6(-0.000654031 -0.000651229 -0.00064564 -0.00064564 -0.000651229 -0.000654031);
    }
    outlet
    {
        type            calculated;
        value           nonuniform List<scalar> 6(0.000846355 0.000884728 0.000774676 0.000638421 0.00048341 0.000274209);
    }
}


// ************************************************************************* //
